Datetime,Open,High,Low,Close,Adj Close,Volume,price,rsi,K,D,Pivot_high,gradient_high,Pivot_high_rsi,gradient_high_rsi,Pivot_low,gradient_low,Pivot_low_rsi,gradient_low_rsi,atr
2024-04-05 12:05:00-04:00,63.5,63.619998931884766,63.45000076293945,63.584999084472656,63.584999084472656,9115,63.58000183105469,51.088016945010885,100.0,96.8638553622535,63.79999923706055,0.0,58.434297051774195,0.0,63.45000076293945,0.0,49.30852219888864,0.0,
2024-04-05 12:10:00-04:00,63.58000183105469,63.584999084472656,63.540000915527344,63.540000915527344,63.540000915527344,7843,63.540000915527344,49.30852219888864,97.11595662731756,98.55581450128655,63.79999923706055,0.0,58.434297051774195,0.0,63.45000076293945,0.0,49.30852219888864,0.0,
2024-04-05 12:15:00-04:00,63.540000915527344,63.63999938964844,63.529998779296875,63.599998474121094,63.599998474121094,8382,63.625,51.7230960622033,97.11595662731756,98.07730441821171,63.79999923706055,0.0,58.434297051774195,0.0,63.45000076293945,0.0,49.30852219888864,0.0,
2024-04-05 12:20:00-04:00,63.625,63.67499923706055,63.564998626708984,63.665000915527344,63.665000915527344,5697,63.665000915527344,54.26486618438248,97.11595662731756,97.11595662731756,63.849998474121094,0.07836871106340547,59.59600559826301,1.988059419042067,63.45000076293945,0.0,49.30852219888864,0.0,
2024-04-05 12:25:00-04:00,63.665000915527344,63.79999923706055,63.665000915527344,63.779998779296875,63.779998779296875,6707,63.7599983215332,58.434297051774195,100.0,98.07730441821171,64.0250015258789,0.2740846608300901,63.51965663027844,6.583748344586684,63.45000076293945,0.0,49.30852219888864,0.0,
2024-04-05 12:30:00-04:00,63.7599983215332,63.7599983215332,63.56999969482422,63.61000061035156,63.61000061035156,10887,63.61000061035156,51.028396161282465,88.19322754016484,95.1030613891608,64.0250015258789,0.2740846608300901,63.51965663027844,6.583748344586684,63.45000076293945,0.0,49.30852219888864,0.0,
2024-04-05 12:35:00-04:00,63.61000061035156,63.654998779296875,63.61000061035156,63.654998779296875,63.654998779296875,1674,63.654998779296875,52.735957137219344,78.1897077170429,88.79431175240258,64.0250015258789,0.2740846608300901,63.51965663027844,6.583748344586684,63.529998779296875,0.12608040251458588,49.30852219888864,0.0,
2024-04-05 12:40:00-04:00,63.654998779296875,63.755001068115234,63.6349983215332,63.7400016784668,63.7400016784668,3943,63.73500061035156,55.8665281975405,73.68195159513937,80.02162895078237,64.0250015258789,0.2740846608300901,63.51965663027844,6.583748344586684,63.529998779296875,0.12608040251458588,51.028396161282465,3.487985211677244,
2024-04-05 12:45:00-04:00,63.73500061035156,63.849998474121094,63.73500061035156,63.849998474121094,63.849998474121094,4264,63.84000015258789,59.59600559826301,85.48872405497455,79.12012778905228,64.06999969482422,0.0702821833235322,64.15443176179923,0.9993365285576915,63.564998626708984,0.055091843356866406,51.028396161282465,3.487985211677244,
2024-04-05 12:50:00-04:00,63.84000015258789,64.0250015258789,63.84000015258789,63.97999954223633,63.97999954223633,8133,64.0199966430664,63.51965663027844,95.49224387809646,84.88763984273679,64.08499908447266,0.023410940720902173,64.15443176179923,0.9993365285576915,63.56999969482422,0.007867644495052355,51.028396161282465,3.487985211677244,
2024-04-05 12:55:00-04:00,64.0199966430664,64.0199966430664,63.88249969482422,63.91999816894531,63.91999816894531,7436,63.89500045776367,60.59482698964457,94.72846915037753,91.90314569448286,64.08499908447266,0.023410940720902173,64.15443176179923,0.9993365285576915,63.56999969482422,0.007867644495052355,51.028396161282465,3.487985211677244,0.1212493896484375
2024-04-05 13:00:00-04:00,63.89500045776367,63.959999084472656,63.84000015258789,63.959999084472656,63.959999084472656,7419,63.89500045776367,61.85582410825111,90.84498731464673,93.68856678104025,64.08499908447266,0.023410940720902173,64.15443176179923,0.9993365285576915,63.61000061035156,0.06292420279907689,52.735957137219344,3.3462956008648415,0.12112434387207031
2024-04-05 13:05:00-04:00,63.89500045776367,63.959999084472656,63.85499954223633,63.93600082397461,63.93600082397461,16067,63.91999816894531,60.60283212859723,84.00334607490053,89.85893417997494,64.08499908447266,0.023410940720902173,64.15443176179923,0.9993365285576915,63.6349983215332,0.039298397959098,55.097185957011,4.477455133027587,0.11951186370849609
2024-04-05 13:10:00-04:00,63.91999816894531,64.06999969482422,63.91999816894531,64.04499816894531,64.04499816894531,4759,64.04499816894531,64.15443176179923,89.274876924523,88.04107010469009,64.08499908447266,0.023410940720902173,64.15443176179923,0.9993365285576915,63.73500061035156,0.15714982549865172,55.097185957011,4.477455133027587,0.1225608299255371
2024-04-05 13:15:00-04:00,64.04499816894531,64.08499908447266,63.91999816894531,63.93000030517578,63.93000030517578,10831,63.959999084472656,58.19377558668507,79.77497269498677,84.3510652314701,64.08499908447266,0.023410940720902173,64.15443176179923,0.9993365285576915,63.810001373291016,0.11767594292181088,53.835078698633566,-2.2906927757838296,0.12680483848571777
2024-04-05 13:20:00-04:00,63.959999084472656,63.9900016784668,63.959999084472656,63.9900016784668,63.9900016784668,4230,63.959999084472656,60.26803719848341,76.747184246552,81.93234462202058,64.08499908447266,0.023410940720902173,64.15443176179923,0.9993365285576915,63.810001373291016,0.11767594292181088,53.835078698633566,-2.2906927757838296,0.12012449196624755
2024-04-05 13:25:00-04:00,63.959999084472656,64.006103515625,63.939998626708984,63.959999084472656,63.959999084472656,6805,64.0,58.699695361823714,62.89497843212527,73.13904512455467,64.08499908447266,0.023410940720902173,64.15443176179923,0.9993365285576915,63.810001373291016,0.11767594292181088,53.835078698633566,-2.2906927757838296,0.11472253166122437
2024-04-05 13:30:00-04:00,64.0,64.0199966430664,63.810001373291016,63.88999938964844,63.88999938964844,6903,63.86000061035156,55.097185957011,53.277650292331394,64.30660432366956,64.08499908447266,0.023410940720902173,64.15443176179923,0.9993365285576915,63.79199981689453,-0.028211183214328053,50.31752704279562,-6.533939841583682,0.124249805472641
2024-04-05 13:35:00-04:00,63.86000061035156,63.90999984741211,63.84049987792969,63.904998779296875,63.904998779296875,4532,63.91999816894531,55.72422925436076,41.73873104712338,52.63711992386001,64.08499908447266,0.023410940720902173,64.15443176179923,0.9993365285576915,63.79199981689453,-0.028211183214328053,50.31752704279562,-6.533939841583682,0.1187748218736191
2024-04-05 13:40:00-04:00,63.91999816894531,63.91999816894531,63.849998474121094,63.869998931884766,63.869998931884766,10311,63.875,53.835078698633566,25.466209457208972,40.160863598887914,64.08499908447266,0.023410940720902173,60.26803719848341,-6.0578738780599295,63.79199981689453,-0.028211183214328053,50.31752704279562,-6.533939841583682,0.11389730916867906
2024-04-05 13:45:00-04:00,63.875,63.93000030517578,63.84000015258789,63.900001525878906,63.900001525878906,7415,63.89500045776367,55.23604687371406,19.65896501894874,28.95463517442703,64.12999725341797,0.0702163838467078,62.04236451288006,2.944060229725384,63.79199981689453,-0.028211183214328053,50.31752704279562,-6.533939841583682,0.11150759351060022
2024-04-05 13:50:00-04:00,63.89500045776367,63.939998626708984,63.8849983215332,63.939998626708984,63.939998626708984,3333,63.900001525878906,57.10491267869641,18.296121998888403,21.140432158348705,64.12999725341797,0.0702163838467078,62.04236451288006,2.944060229725384,63.79199981689453,-0.028211183214328053,50.31752704279562,-6.533939841583682,0.10585686467711833
2024-04-05 13:55:00-04:00,63.900001525878906,63.900001525878906,63.79199981689453,63.81999969482422,63.81999969482422,4198,63.82500076293945,50.31752704279562,15.087516069896195,17.68086769591111,64.12999725341797,0.0702163838467078,62.04236451288006,2.944060229725384,63.79199981689453,-0.028211183214328053,50.11429491853657,-0.40389926970416173,0.1100710591908518
2024-04-05 14:00:00-04:00,63.82500076293945,63.900001525878906,63.79499816894531,63.900001525878906,63.900001525878906,9986,63.93000030517578,54.223911335068046,19.972686034685292,17.785441367823296,64.12999725341797,0.0702163838467078,62.04236451288006,2.944060229725384,63.79199981689453,-0.028211183214328053,50.11429491853657,-0.40389926970416173,0.109564288965126
2024-04-05 14:05:00-04:00,63.93000030517578,64.02999877929688,63.89500045776367,64.02999877929688,64.02999877929688,7067,64.01000213623047,59.760511313134856,32.158850633402224,22.40635091266124,64.12999725341797,0.0702163838467078,62.04236451288006,2.944060229725384,63.79199981689453,-0.028211183214328053,50.11429491853657,-0.40389926970416173,0.11210769222193373
2024-04-05 14:10:00-04:00,64.01000213623047,64.12999725341797,64.01000213623047,64.08999633789062,64.08999633789062,7815,64.0,62.04236451288006,60.40417887742188,37.51190518183646,64.12999725341797,0.0702163838467078,62.04236451288006,2.944060229725384,63.79199981689453,-0.028211183214328053,49.3338631011445,-1.5573037965728214,0.11289643471849035
2024-04-05 14:15:00-04:00,64.0,64.0,63.88999938964844,63.90999984741211,63.90999984741211,6097,63.915000915527344,52.43560959943838,56.096130288169554,49.55305326633121,64.12999725341797,0.0702163838467078,62.04236451288006,2.944060229725384,63.79199981689453,-0.028211183214328053,49.3338631011445,-1.5573037965728214,0.12160648607086007
2024-04-05 14:20:00-04:00,63.915000915527344,63.93000030517578,63.849998474121094,63.86000061035156,63.86000061035156,4463,63.86000061035156,50.11429491853657,33.34782430956862,49.949377825053354,64.12999725341797,0.0702163838467078,62.04236451288006,2.944060229725384,63.79199981689453,-0.028211183214328053,49.3338631011445,-1.5573037965728214,0.1174460205692428
2024-04-05 14:25:00-04:00,63.86000061035156,64.04940032958984,63.849998474121094,63.959999084472656,63.959999084472656,15831,63.9900016784668,54.456850961566005,17.237893747134024,35.5606161149574,64.12999725341797,0.0702163838467078,62.04236451288006,2.944060229725384,63.79499816894531,0.0047002007452150345,49.3338631011445,-1.5573037965728214,0.12564160405919353
2024-04-05 14:30:00-04:00,63.9900016784668,63.9900016784668,63.875,63.93000030517578,63.93000030517578,7779,63.93000030517578,52.96724435652121,20.108046889180667,23.56458831529444,64.12999725341797,0.0702163838467078,62.04236451288006,2.944060229725384,63.82500076293945,0.047029696457841656,49.3338631011445,-1.5573037965728214,0.12457761149995386
2024-04-05 14:35:00-04:00,63.93000030517578,63.93000030517578,63.85499954223633,63.85499954223633,63.85499954223633,3274,63.880001068115234,49.3338631011445,20.108046889180667,19.15132917516512,64.1500015258789,0.03119331563650008,62.15722173502969,0.18512708703385944,63.82500076293945,0.047029696457841656,49.3338631011445,-1.5573037965728214,0.11961992664390379
2024-04-05 14:40:00-04:00,63.880001068115234,63.96760177612305,63.82500076293945,63.92499923706055,63.92499923706055,8892,63.880001068115234,52.60184876920465,16.54430152699591,18.920131768452414,64.30000305175781,0.2338293410926791,65.59200080447894,5.525953338280453,63.82500076293945,0.047029696457841656,49.3338631011445,-1.5573037965728214,0.12191803529787279
2024-04-05 14:45:00-04:00,63.880001068115234,63.880001068115234,63.83000183105469,63.880001068115234,63.880001068115234,5148,63.88999938964844,50.35344195833983,11.245922149132285,15.966090188436288,64.30000305175781,0.2338293410926791,65.83633306016894,0.37250312948726666,63.82500076293945,0.047029696457841656,49.3338631011445,-1.5573037965728214,0.11922597236867145
2024-04-05 14:50:00-04:00,63.88999938964844,63.900001525878906,63.86000061035156,63.88999938964844,63.88999938964844,3609,63.869998931884766,50.85608603185086,15.238585226623261,14.342936300917152,64.44999694824219,0.23327198968192664,71.38082043308856,8.42162240088982,63.82500076293945,0.047029696457841656,49.3338631011445,-1.5573037965728214,0.11130346668453868
2024-04-05 14:55:00-04:00,63.869998931884766,63.970001220703125,63.85499954223633,63.970001220703125,63.970001220703125,7143,63.994998931884766,54.79949834393759,21.002835742957522,15.829114372904357,64.44999694824219,0.23327198968192664,71.38082043308856,8.42162240088982,63.82500076293945,0.047029696457841656,49.3338631011445,-1.5573037965728214,0.1116732878627645
2024-04-05 15:00:00-04:00,63.994998931884766,64.1500015258789,63.9900016784668,64.1500015258789,64.1500015258789,14184,64.13500213623047,62.15722173502969,51.66189924655886,29.301106738713216,64.44999694824219,0.23327198968192664,71.38082043308856,8.42162240088982,63.82500076293945,0.047029696457841656,49.3338631011445,-1.5573037965728214,0.11850598959406618
2024-04-05 15:05:00-04:00,64.13500213623047,64.30000305175781,64.13500213623047,64.25250244140625,64.25250244140625,18355,64.26499938964844,65.59200080447894,81.00256950240122,51.2224348306392,64.44999694824219,0.23327198968192664,71.38082043308856,8.42162240088982,63.82500076293945,0.047029696457841656,50.35344195833983,2.0666917064754937,0.12315548218739394
2024-04-05 15:10:00-04:00,64.26499938964844,64.27999877929688,64.1449966430664,64.26000213623047,64.26000213623047,13867,64.26000213623047,65.83633306016894,100.0,77.55482291632002,64.44999694824219,0.23327198968192664,71.38082043308856,8.42162240088982,63.83000183105469,0.00783559428978227,50.35344195833983,2.0666917064754937,0.12434014759170142
2024-04-05 15:15:00-04:00,64.26000213623047,64.44999694824219,64.2300033569336,64.44999694824219,64.44999694824219,14819,64.44499969482422,71.38082043308856,100.0,93.66752316746708,64.44999694824219,0.23327198968192664,71.38082043308856,8.42162240088982,63.85499954223633,0.03916294918462417,50.85608603185086,0.9982318069277043,0.13390549196339066
2024-04-05 15:20:00-04:00,64.44499969482422,64.44499969482422,64.22000122070312,64.2750015258789,64.2750015258789,16039,64.2699966430664,61.48335278070481,85.0357768899578,95.01192562998592,64.44999694824219,0.23327198968192664,71.38082043308856,8.42162240088982,63.85499954223633,0.03916294918462417,48.34362519774007,-4.940334638684643,0.14351451552095784
2024-04-05 15:25:00-04:00,64.2699966430664,64.29000091552734,64.21499633789062,64.2249984741211,64.2249984741211,9592,64.22000122070312,58.96736358075072,66.26756825019257,83.76778171338346,64.44999694824219,0.23327198968192664,71.38082043308856,8.42162240088982,63.86000061035156,0.007831913164334865,44.818737670026685,-7.291318169242635,0.13666352173253393
2024-04-05 15:30:00-04:00,64.22000122070312,64.30000305175781,64.19999694824219,64.30000305175781,64.30000305175781,12416,64.2699966430664,61.511597610669135,51.34604918851263,67.54979810955433,64.44999694824219,0.23327198968192664,71.38082043308856,8.42162240088982,63.720001220703125,-0.2192286068123587,39.63185976633894,-11.573012033216095,0.13299777991084305
2024-04-05 15:35:00-04:00,64.2699966430664,64.2699966430664,64.2249984741211,64.25499725341797,64.25499725341797,10850,64.26000213623047,59.141924339777354,47.805986334374566,55.13986792435992,64.44999694824219,0.23327198968192664,71.38082043308856,8.42162240088982,63.380001068115234,-0.5335846611337194,29.745879628298432,-24.944527449194048,0.12719845968343063
2024-04-05 15:40:00-04:00,64.26000213623047,64.2750015258789,64.11499786376953,64.11499786376953,64.11499786376953,13386,64.0999984741211,52.381806165655966,37.84912121244249,45.66705224510989,64.44999694824219,0.23327198968192664,71.38082043308856,8.42162240088982,63.11000061035156,-0.42600260841507276,29.745879628298432,-24.944527449194048,0.13047897992602506
2024-04-05 15:45:00-04:00,64.0999984741211,64.0999984741211,63.93000030517578,64.0199966430664,64.0199966430664,17159,64.02999877929688,48.34362519774007,19.4373069407891,35.03080482920205,64.44499969482422,-0.007753690697583571,61.511597610669135,-13.826154928648801,63.11000061035156,-0.42600260841507276,29.745879628298432,-24.944527449194048,0.13593083779279755
2024-04-05 15:50:00-04:00,64.02999877929688,64.05000305175781,63.86000061035156,63.93000030517578,63.93000030517578,38181,63.91999816894531,44.818737670026685,4.6082595716360215,20.63156257495587,64.30000305175781,-0.22499285243700823,61.511597610669135,-13.826154928648801,63.11000061035156,-0.42600260841507276,29.745879628298432,-24.944527449194048,0.14133799815414277
2024-04-05 15:55:00-04:00,63.91999816894531,63.91999816894531,63.720001220703125,63.779998779296875,63.779998779296875,82464,63.869998931884766,39.63185976633894,0.0,8.01518883747504,64.30000305175781,-0.22499285243700823,61.511597610669135,-13.826154928648801,63.11000061035156,-0.42600260841507276,29.745879628298432,-24.944527449194048,0.1482041067859941
2024-04-08 09:30:00-04:00,63.869998931884766,63.869998931884766,63.380001068115234,63.380001068115234,63.380001068115234,7728,63.380001068115234,29.745879628298432,0.0,1.5360865238786738,64.2750015258789,-0.03888262005023772,59.141924339777354,-3.8524007877187096,63.11000061035156,-0.42600260841507276,29.745879628298432,-24.944527449194048,0.18238348248434783
2024-04-08 09:35:00-04:00,63.380001068115234,63.45750045776367,63.11000061035156,63.45750045776367,63.45750045776367,18072,63.400001525878906,33.22153853592113,2.7826458902381157,0.9275486300793719,64.2750015258789,-0.03888262005023772,52.381806165655966,-11.430331781704817,63.11000061035156,-0.42600260841507276,29.745879628298432,-24.944527449194048,0.19889511897712397
2024-04-08 09:40:00-04:00,63.400001525878906,63.63999938964844,63.290000915527344,63.63999938964844,63.63999938964844,21818,63.70000076293945,40.665732221755896,11.525184714904928,4.769276868381014,64.0999984741211,-0.2722723416620245,48.34362519774007,-7.709128919963675,63.11000061035156,-0.42600260841507276,29.745879628298432,-24.944527449194048,0.21400545449152095
2024-04-08 09:45:00-04:00,63.70000076293945,64.0,63.560001373291016,63.80500030517578,63.80500030517578,11175,63.81800079345703,46.47532877550613,24.918942316759505,13.075590973967516,64.05000305175781,-0.07799598058253583,46.47532877550613,-3.8646179606763895,63.11000061035156,-0.42600260841507276,29.745879628298432,-24.944527449194048,0.23660477171326727
2024-04-08 09:50:00-04:00,63.81800079345703,63.81800079345703,63.619998931884766,63.720001220703125,63.720001220703125,3661,63.724998474121094,44.080892188002885,33.6130451081281,23.352390713264175,64.0,-0.07806877341973865,46.47532877550613,-3.8646179606763895,63.11000061035156,-0.42600260841507276,29.745879628298432,-24.944527449194048,0.23274448069916712
2024-04-08 09:55:00-04:00,63.724998474121094,63.755001068115234,63.529998779296875,63.63999938964844,63.63999938964844,5985,63.650001525878906,41.893159063627714,37.61724522812144,32.049744217669684,64.0,-0.07806877341973865,51.035718048738964,9.812494915875229,63.11000061035156,-0.42600260841507276,29.745879628298432,-24.944527449194048,0.23197026151108635
2024-04-08 10:00:00-04:00,63.650001525878906,63.810001373291016,63.584999084472656,63.720001220703125,63.720001220703125,5602,63.720001220703125,44.84126411210117,40.063818484605356,37.0980362736183,64.0,-0.07806877341973865,52.104873467137566,2.09491599075291,63.11000061035156,-0.42600260841507276,33.22153853592113,11.68450538714667,0.23127346424181364
2024-04-08 10:05:00-04:00,63.720001220703125,63.849998474121094,63.720001220703125,63.75,63.75,3502,63.775001525878906,45.948678958203296,45.58946563414495,41.090176448957244,64.0,-0.07806877341973865,52.104873467137566,2.09491599075291,63.290000915527344,0.28521676982246275,40.665732221755896,22.40773309696557,0.22114584315942915
2024-04-08 10:10:00-04:00,63.775001525878906,63.779998779296875,63.630001068115234,63.720001220703125,63.720001220703125,31349,63.72999954223633,44.97623667613422,50.113028638064584,45.255437585604966,64.0,-0.07806877341973865,52.104873467137566,2.09491599075291,63.529998779296875,0.3792034449325644,41.893159063627714,3.018332081612323,0.21403102996165027
2024-04-08 10:15:00-04:00,63.72999954223633,63.72999954223633,63.63999938964844,63.680999755859375,63.680999755859375,6345,63.7400016784668,43.681879488271576,54.79464672222342,50.16571366481099,63.91999816894531,-0.12500286102294922,52.104873467137566,2.09491599075291,63.529998779296875,0.3792034449325644,41.893159063627714,3.018332081612323,0.2016279422242743
2024-04-08 10:20:00-04:00,63.7400016784668,63.900001525878906,63.7400016784668,63.869998931884766,63.869998931884766,4259,63.8650016784668,51.035718048738964,71.12558422441043,58.67775319489948,63.91999816894531,-0.12500286102294922,52.104873467137566,2.09491599075291,63.529998779296875,0.3792034449325644,39.62322031029038,-5.418399576622359,0.20336532500380003
2024-04-08 10:25:00-04:00,63.8650016784668,63.900001525878906,63.83000183105469,63.900001525878906,63.900001525878906,4339,63.81999969482422,52.104873467137566,87.18861560916399,71.03628218526595,63.91999816894531,-0.12500286102294922,52.104873467137566,2.09491599075291,63.52000045776367,-0.015737953290283036,39.00764926545071,-1.55356137138556,0.1900287619858419
2024-04-08 10:30:00-04:00,63.81999969482422,63.900001525878906,63.79999923706055,63.86009979248047,63.86009979248047,6490,63.904998779296875,50.52477736889668,97.6443541994331,85.31951801100251,63.91999816894531,-0.12500286102294922,52.104873467137566,2.09491599075291,63.52000045776367,-0.015737953290283036,39.00764926545071,-1.55356137138556,0.18102611466909363
2024-04-08 10:35:00-04:00,63.904998779296875,63.91999816894531,63.849998474121094,63.869998931884766,63.869998931884766,6720,63.849998474121094,50.92240702773027,95.88150439213203,93.57149140024303,63.91999816894531,-0.12500286102294922,52.104873467137566,2.09491599075291,63.52000045776367,-0.015737953290283036,39.00764926545071,-1.55356137138556,0.16992347268460614
2024-04-08 10:40:00-04:00,63.849998474121094,63.86000061035156,63.77000045776367,63.77000045776367,63.77000045776367,6829,63.779998779296875,46.8281194198228,86.56684666785534,93.3642350864735,63.91999816894531,-0.12500286102294922,52.104873467137566,2.09491599075291,63.52000045776367,-0.015737953290283036,39.00764926545071,-1.55356137138556,0.16293097282825492
2024-04-08 10:45:00-04:00,63.779998779296875,63.779998779296875,63.560001373291016,63.560001373291016,63.560001373291016,6204,63.54999923706055,39.62322031029038,55.58915913508892,79.34583673169209,63.91999816894531,-0.12500286102294922,52.104873467137566,2.09491599075291,63.52000045776367,-0.015737953290283036,39.00764926545071,-1.55356137138556,0.16863761614601536
2024-04-08 10:50:00-04:00,63.54999923706055,63.619998931884766,63.52000045776367,63.540000915527344,63.540000915527344,11056,63.54999923706055,39.00764926545071,24.01867560905665,55.391560470666974,63.91999816894531,-0.12500286102294922,52.104873467137566,2.09491599075291,63.52000045776367,-0.015737953290283036,39.00764926545071,-1.55356137138556,0.1617737019435232
2024-04-08 10:55:00-04:00,63.54999923706055,63.599998474121094,63.54999923706055,63.599998474121094,63.599998474121094,6590,63.61000061035156,41.92248935105874,7.418467813540261,29.00876751922861,63.91999816894531,-0.12500286102294922,50.92240702773027,-2.2693970078500847,63.52000045776367,-0.015737953290283036,39.00764926545071,-1.55356137138556,0.15159608760854587
2024-04-08 11:00:00-04:00,63.61000061035156,63.75,63.61000061035156,63.720001220703125,63.720001220703125,5598,63.70000076293945,47.34297242291945,28.632436588173675,20.02319333692353,63.91999816894531,-0.12500286102294922,50.92240702773027,-2.2693970078500847,63.52000045776367,-0.015737953290283036,39.00764926545071,-1.55356137138556,0.1514366314355819
2024-04-08 11:05:00-04:00,63.70000076293945,63.77000045776367,63.630001068115234,63.72999954223633,63.72999954223633,6598,63.7599983215332,47.78027813476998,50.95937837427977,29.003427591997905,63.86000061035156,-0.0938635173849223,50.417319078764464,-0.9918776005438201,63.52000045776367,-0.015737953290283036,39.00764926545071,-1.55356137138556,0.15029290725686745
2024-04-08 11:10:00-04:00,63.7599983215332,63.779998779296875,63.630001068115234,63.630001068115234,63.630001068115234,8498,63.630001068115234,43.85725214742676,55.883482307994306,45.15843242348259,63.779998779296875,-0.12527690305364542,50.417319078764464,-0.9918776005438201,63.52000045776367,-0.015737953290283036,39.00764926545071,-1.55356137138556,0.15026338764934477
2024-04-08 11:15:00-04:00,63.630001068115234,63.630001068115234,63.55339813232422,63.58000183105469,63.58000183105469,8107,63.599998474121094,42.000386481780346,42.28623488399177,49.709698522088615,63.779998779296875,-0.12527690305364542,51.487836391506434,2.123312647920755,63.52000045776367,-0.015737953290283036,39.00764926545071,-1.55356137138556,0.14289734246351188
2024-04-08 11:20:00-04:00,63.599998474121094,63.685001373291016,63.529998779296875,63.68000030517578,63.68000030517578,6142,63.68000030517578,46.8474412144886,39.91210098122369,46.027272724403254,63.779998779296875,-0.12527690305364542,51.487836391506434,2.123312647920755,63.52000045776367,-0.015737953290283036,41.92248935105874,7.47248332185381,0.14410786761657474
2024-04-08 11:25:00-04:00,63.68000030517578,63.7599983215332,63.66999816894531,63.7599983215332,63.7599983215332,3036,63.720001220703125,50.417319078764464,56.607920976661596,46.268752280625684,63.779998779296875,-0.12527690305364542,51.487836391506434,2.123312647920755,63.5099983215332,-0.015746436017612227,41.888041633323205,-0.08217001964524014,0.13869709611370634
2024-04-08 11:30:00-04:00,63.720001220703125,63.720001220703125,63.619998931884766,63.6349983215332,63.6349983215332,6573,63.619998931884766,45.297878335179966,65.00026376782829,53.84009524190452,63.779998779296875,-0.12527690305364542,51.487836391506434,2.123312647920755,63.38999938964844,-0.1889449457662475,40.257444641011745,-3.8927506007210204,0.13882732546717946
2024-04-08 11:35:00-04:00,63.619998931884766,63.619998931884766,63.52000045776367,63.60499954223633,63.60499954223633,7159,63.63999938964844,44.139505177145146,59.40459743416623,60.33759405955203,63.779998779296875,-0.12527690305364542,51.487836391506434,2.123312647920755,63.38999938964844,-0.1889449457662475,40.257444641011745,-3.8927506007210204,0.13644437929741465
2024-04-08 11:40:00-04:00,63.63999938964844,63.77000045776367,63.630001068115234,63.77000045776367,63.77000045776367,2095,63.73249816894531,51.487836391506434,63.69953902480686,62.70146674226712,63.77000045776367,-0.01567626485507021,51.487836391506434,2.123312647920755,63.38999938964844,-0.1889449457662475,40.257444641011745,-3.8927506007210204,0.13930003292040755
2024-04-08 11:45:00-04:00,63.73249816894531,63.73249816894531,63.599998474121094,63.599998474121094,63.599998474121094,5773,63.560001373291016,44.92984050404297,63.50805619215516,62.20406421704275,63.77000045776367,-0.01567626485507021,51.51304545272737,0.04896119741612003,63.38999938964844,-0.1889449457662475,40.257444641011745,-3.8927506007210204,0.1423702279926246
2024-04-08 11:50:00-04:00,63.560001373291016,63.56999969482422,63.5099983215332,63.5099983215332,63.5099983215332,1888,63.5099983215332,41.888041633323205,56.84415497287701,61.35058339661301,63.90999984741211,0.2195380094769833,58.55754541809106,13.675176653704753,63.38999938964844,-0.1889449457662475,40.257444641011745,-3.8927506007210204,0.1371332204521512
2024-04-08 11:55:00-04:00,63.5099983215332,63.5099983215332,63.38999938964844,63.459999084472656,63.459999084472656,10148,63.470001220703125,40.257444641011745,26.848900262183744,49.067037142405304,64.01000213623047,0.15647361767660642,60.11754180123311,2.6640399149314353,63.38999938964844,-0.1889449457662475,40.257444641011745,-3.8927506007210204,0.13541979159541265
2024-04-08 12:00:00-04:00,63.470001220703125,63.52000045776367,63.470001220703125,63.4900016784668,63.4900016784668,2652,63.47999954223633,41.72343342704963,15.38257347323543,33.025209569432064,64.06999969482422,0.0937315366215097,61.21805477501994,1.8306020852041125,63.38999938964844,-0.1889449457662475,40.257444641011745,-3.8927506007210204,0.12787794976497296
2024-04-08 12:05:00-04:00,63.47999954223633,63.59000015258789,63.47999954223633,63.59000015258789,63.59000015258789,2904,63.560001373291016,46.44080560201231,26.04239122064451,22.75795498535456,64.06999969482422,0.0937315366215097,61.21805477501994,1.8306020852041125,63.38999938964844,-0.1889449457662475,40.257444641011745,-3.8927506007210204,0.12609021582363192
2024-04-08 12:10:00-04:00,63.560001373291016,63.724998474121094,63.560001373291016,63.709999084472656,63.709999084472656,2968,63.709999084472656,51.51304545272737,56.037645931337764,32.48753687507257,64.06999969482422,0.0937315366215097,61.21805477501994,1.8306020852041125,63.38999938964844,-0.1889449457662475,40.257444641011745,-3.8927506007210204,0.12998090432427653
2024-04-08 12:15:00-04:00,63.709999084472656,63.90999984741211,63.66999816894531,63.90999984741211,63.90999984741211,6978,63.90999984741211,58.55754541809106,85.01972474447355,55.69992063215194,64.06999969482422,0.0937315366215097,61.21805477501994,1.8306020852041125,63.38999938964844,-0.1889449457662475,40.257444641011745,-3.8927506007210204,0.14098298173852858
2024-04-08 12:20:00-04:00,63.90999984741211,64.01000213623047,63.90999984741211,63.959999084472656,63.959999084472656,3058,64.06999969482422,60.11754180123311,100.0,80.35245689193711,64.12000274658203,0.0780444076728346,62.795931064018006,2.577468844439538,63.38999938964844,-0.1889449457662475,40.257444641011745,-3.8927506007210204,0.13688491244651166
2024-04-08 12:25:00-04:00,64.06999969482422,64.06999969482422,63.970001220703125,63.994998931884766,63.994998931884766,4429,63.970001220703125,61.21805477501994,100.0,95.00657491482451,64.13999938964844,0.03118627917942843,62.795931064018006,2.577468844439538,63.470001220703125,0.12620576088497606,41.72343342704963,3.6415346257333634,0.13419648223701675
2024-04-08 12:30:00-04:00,63.970001220703125,63.970001220703125,63.869998931884766,63.89500045776367,63.89500045776367,4901,63.86000061035156,56.42719341325852,92.38116745150094,97.4603891505003,64.13999938964844,0.03118627917942843,62.795931064018006,2.577468844439538,63.47999954223633,0.01575283022043144,46.44080560201231,11.306289505657928,0.13327683401331508
2024-04-08 12:35:00-04:00,63.86000061035156,63.86000061035156,63.7599983215332,63.81999969482422,63.81999969482422,5252,63.80500030517578,53.07244348338609,79.42732809988503,90.602831850462,64.13999938964844,0.03118627917942843,62.795931064018006,2.577468844439538,63.560001373291016,0.12602682991744257,51.51304545272737,10.92194630339331,0.13344936423503045
2024-04-08 12:40:00-04:00,63.80500030517578,63.900001525878906,63.77000045776367,63.900001525878906,63.900001525878906,3264,63.900001525878906,56.07248501822125,71.24440828997916,81.01763461378839,64.13999938964844,0.03118627917942843,62.795931064018006,2.577468844439538,63.66999816894531,0.1730597754526157,51.737536482511196,0.435794521195294,0.13310453462305086
2024-04-08 12:45:00-04:00,63.900001525878906,64.12000274658203,63.88999938964844,64.11000061035156,64.11000061035156,6229,64.10389709472656,62.795931064018006,78.86324083847819,76.51165907611413,64.13999938964844,0.03118627917942843,62.795931064018006,2.577468844439538,63.7599983215332,0.1413540995384977,51.737536482511196,0.435794521195294,0.14279441685410516
2024-04-08 12:50:00-04:00,64.10389709472656,64.13999938964844,63.959999084472656,64.01000213623047,64.01000213623047,10409,63.970001220703125,58.2257731391976,85.05803725194396,78.38856212680044,64.13999938964844,0.03118627917942843,62.795931064018006,2.577468844439538,63.7599983215332,0.1413540995384977,51.737536482511196,0.435794521195294,0.14651500568627276
2024-04-08 12:55:00-04:00,63.970001220703125,63.97999954223633,63.83000183105469,63.849998474121094,63.849998474121094,6205,63.869998931884766,51.737536482511196,76.88612533984788,80.26913447675668,64.13999938964844,0.03118627917942843,62.795931064018006,2.577468844439538,63.7599983215332,0.1413540995384977,51.737536482511196,0.435794521195294,0.14986353563522362
2024-04-08 13:00:00-04:00,63.869998931884766,64.0199966430664,63.869998931884766,63.97999954223633,63.97999954223633,6422,63.939998626708984,56.02516650510435,66.87249142814862,76.27221800664682,64.13999938964844,0.03118627917942843,62.795931064018006,2.577468844439538,63.7599983215332,0.1413540995384977,51.737536482511196,0.435794521195294,0.1518769989662325
2024-04-08 13:05:00-04:00,63.939998626708984,63.95000076293945,63.88999938964844,63.95000076293945,63.95000076293945,5309,63.96500015258789,54.8149905869762,61.00695830427484,68.25519169075712,64.13999938964844,0.03118627917942843,62.795931064018006,2.577468844439538,63.77000045776367,0.015687165140797692,51.737536482511196,0.435794521195294,0.14568931432839832
2024-04-08 13:10:00-04:00,63.96500015258789,63.96500015258789,63.90999984741211,63.93960189819336,63.93960189819336,3571,64.0,54.37651667001451,60.202206193138416,62.69388530852063,64.13999938964844,0.03118627917942843,62.795931064018006,2.577468844439538,63.78499984741211,0.023521075020803767,48.150913603856736,-6.932341820849632,0.13662041341313663
2024-04-08 13:15:00-04:00,64.0,64.05500030517578,63.94499969482422,64.04000091552734,64.04000091552734,8863,64.01850128173828,57.87970913240923,55.691713030202386,58.966959175871885,64.13999938964844,0.03118627917942843,58.2257731391976,-7.277793078919888,63.78499984741211,0.023521075020803767,48.150913603856736,-6.932341820849632,0.13449821277006516
2024-04-08 13:20:00-04:00,64.01850128173828,64.05999755859375,63.939998626708984,64.0,64.0,15158,63.98500061035156,56.03363347758425,47.93268658226076,54.60886860186719,64.05999755859375,-0.12473001530398986,57.87970913240923,-0.5943484957443992,63.78499984741211,0.023521075020803767,48.150913603856736,-6.932341820849632,0.1330482846815352
2024-04-08 13:25:00-04:00,63.98500061035156,64.0199966430664,63.959999084472656,63.97999954223633,63.97999954223633,7551,63.974998474121094,55.087546054001514,41.856875340037476,48.49375831750021,64.05999755859375,-0.12473001530398986,57.87970913240923,-0.5943484957443992,63.78499984741211,0.023521075020803767,48.150913603856736,-6.932341820849632,0.12574321207275668
2024-04-08 13:30:00-04:00,63.974998474121094,64.0,63.90999984741211,63.939998626708984,63.939998626708984,4179,63.95000076293945,53.15452147532393,27.31888880908781,39.036150243795355,64.05999755859375,-0.12473001530398986,57.87970913240923,-0.5943484957443992,63.78499984741211,0.023521075020803767,48.150913603856736,-6.932341820849632,0.12216890612427007
2024-04-08 13:35:00-04:00,63.95000076293945,63.95500183105469,63.78499984741211,63.83000183105469,63.83000183105469,6751,63.82500076293945,48.150913603856736,14.36915798572004,27.848307378281774,64.05999755859375,-0.12473001530398986,57.87970913240923,-0.5943484957443992,63.7400016784668,-0.07054663173623597,43.88683476123862,-8.855655113211766,0.12695221387610087
2024-04-08 13:40:00-04:00,63.82500076293945,63.869998931884766,63.79999923706055,63.86000061035156,63.86000061035156,4325,63.875,49.54583054332246,7.446171989977526,16.37807292826179,64.05999755859375,-0.12473001530398986,57.87970913240923,-0.5943484957443992,63.68009948730469,-0.09397896075416336,43.88683476123862,-8.855655113211766,0.12125696197091265
2024-04-08 13:45:00-04:00,63.875,63.880001068115234,63.84000015258789,63.86000061035156,63.86000061035156,5065,63.880001068115234,49.54583054332247,6.349904524458274,9.388411500051946,64.05999755859375,-0.12473001530398986,56.03363347758425,-3.1895040291266517,63.66999816894531,-0.015862598269634938,40.95078542635758,-6.690045775354468,0.11313135732655577
2024-04-08 13:50:00-04:00,63.880001068115234,63.959999084472656,63.869998931884766,63.959999084472656,63.959999084472656,4351,63.96500015258789,54.299087262684,20.343682443699617,11.379919652711806,64.0199966430664,-0.062442892681592935,55.087546054001514,-1.688427761803476,63.65999984741211,-0.015703348234239075,40.95078542635758,-6.690045775354468,0.11181806900600957
2024-04-08 13:55:00-04:00,63.96500015258789,63.97999954223633,63.91999816894531,63.91999816894531,63.91999816894531,4692,63.90999984741211,52.18135617006866,30.503713668746673,19.065766878968187,64.0,-0.031234995493508756,54.299087262684,-1.4312831988279204,63.59000015258789,-0.10995867890669554,37.71797602541301,-7.894377036450689,0.10663639943451017
2024-04-08 14:00:00-04:00,63.90999984741211,63.90999984741211,63.7400016784668,63.7400016784668,63.7400016784668,9652,63.69499969482422,43.88683476123862,27.328761406517536,26.058719172987946,63.97999954223633,-0.031250715255737305,54.299087262684,-1.4312831988279204,63.525001525878906,-0.10221516992139708,36.52822238683191,-3.154341149640398,0.1139724085389107
2024-04-08 14:05:00-04:00,63.69499969482422,63.7400016784668,63.68009948730469,63.7400016784668,63.7400016784668,5136,63.7400016784668,43.886834761238624,13.334983487276206,23.72248618751347,63.97999954223633,-0.031250715255737305,54.299087262684,-1.4312831988279204,63.52000045776367,-0.007872598181988289,36.52822238683191,-3.154341149640398,0.10856538680123058
2024-04-08 14:10:00-04:00,63.7400016784668,63.7400016784668,63.66999816894531,63.66999816894531,63.66999816894531,5989,63.65999984741211,40.95078542635758,1.692629922231524e-14,13.554581631264588,63.97999954223633,-0.031250715255737305,54.299087262684,-1.4312831988279204,63.52000045776367,-0.007872598181988289,36.52822238683191,-3.154341149640398,0.10470919907325596
2024-04-08 14:15:00-04:00,63.65999984741211,63.709999084472656,63.65999984741211,63.67499923706055,63.67499923706055,5274,63.689998626708984,41.25315720922293,0.5953750872680872,4.643452858181437,63.97999954223633,-0.031250715255737305,54.299087262684,-1.4312831988279204,63.52000045776367,-0.007872598181988289,36.52822238683191,-3.154341149640398,0.09923820287198505
2024-04-08 14:20:00-04:00,63.689998626708984,63.709999084472656,63.59000015258789,63.59000015258789,63.59000015258789,12731,63.60499954223633,37.71797602541301,0.5953750872680703,0.3969167248453915,63.97999954223633,-0.031250715255737305,52.18135617006866,-3.900122818585031,63.52000045776367,-0.007872598181988289,36.52822238683191,-3.154341149640398,0.1013142757732631
2024-04-08 14:25:00-04:00,63.60499954223633,63.625,63.525001525878906,63.560001373291016,63.560001373291016,10928,63.52000045776367,36.52822238683191,0.5953750872680703,0.595375087268076,63.90999984741211,-0.10940871416857158,54.36165680555432,4.178313473455263,63.52000045776367,-0.007872598181988289,36.52822238683191,-3.154341149640398,0.10118269560804616
2024-04-08 14:30:00-04:00,63.52000045776367,63.650001525878906,63.52000045776367,63.650001525878906,63.650001525878906,5590,63.66999816894531,42.39860010580102,10.543447638941505,3.9113992711592154,63.939998626708984,0.046939100873882623,55.372524463122005,1.859523268732315,63.52000045776367,-0.007872598181988289,36.52822238683191,-3.154341149640398,0.10406453285876498
2024-04-08 14:35:00-04:00,63.66999816894531,63.709999084472656,63.665000915527344,63.709999084472656,63.709999084472656,1807,63.7400016784668,45.985124430613595,28.282036634371106,13.140286453526892,63.939998626708984,0.046939100873882623,55.372524463122005,1.859523268732315,63.52000045776367,-0.007872598181988289,36.52822238683191,-3.154341149640398,0.09965783543226348
2024-04-08 14:40:00-04:00,63.7400016784668,63.8125,63.689998626708984,63.689998626708984,63.689998626708984,10608,63.75,44.97970248259574,44.13472614386916,27.653403472393922,63.939998626708984,0.046939100873882623,55.372524463122005,1.859523268732315,63.52000045776367,-0.007872598181988289,36.52822238683191,-3.154341149640398,0.10194218921813869
2024-04-08 14:45:00-04:00,63.75,63.79999923706055,63.74399948120117,63.79999923706055,63.79999923706055,5696,63.80500030517578,51.28793095967499,61.27649749671551,44.564420091651925,63.939998626708984,0.046939100873882623,55.372524463122005,1.859523268732315,63.52000045776367,-0.007872598181988289,36.52822238683191,-3.154341149640398,0.10274803133148107
2024-04-08 14:50:00-04:00,63.80500030517578,63.86000061035156,63.75,63.86000061035156,63.86000061035156,8103,63.91999816894531,54.36165680555432,76.87124183461925,60.76082182506798,63.939998626708984,0.046939100873882623,55.372524463122005,1.859523268732315,63.52000045776367,-0.007872598181988289,36.52822238683191,-3.154341149640398,0.10347328923348922
2024-04-08 14:55:00-04:00,63.91999816894531,63.939998626708984,63.86000061035156,63.880001068115234,63.880001068115234,7789,63.869998931884766,55.372524463122005,94.35188565845452,77.49987499659643,63.970001220703125,0.04692304447690113,55.372524463122005,1.859523268732315,63.52000045776367,-0.007872598181988289,42.39860010580102,16.070800426043547,0.10112576194588248
2024-04-08 15:00:00-04:00,63.869998931884766,63.904998779296875,63.86000061035156,63.880001068115234,63.880001068115234,12466,63.869998931884766,55.372524463122,99.99999999999999,90.40770916435793,63.970001220703125,0.04692304447690113,55.372524463122005,1.859523268732315,63.665000915527344,0.22827527820955695,44.97970248259574,6.087706599637398,0.09551300264582549
2024-04-08 15:05:00-04:00,63.869998931884766,63.93000030517578,63.779998779296875,63.779998779296875,63.779998779296875,16277,63.77000045776367,49.06993157288613,88.8514613688527,94.40111567576908,63.970001220703125,0.04692304447690113,55.372524463122005,1.859523268732315,63.689998626708984,0.03926444800465541,44.97970248259574,6.087706599637398,0.10096185496913357
2024-04-08 15:10:00-04:00,63.77000045776367,63.790000915527344,63.70000076293945,63.720001220703125,63.720001220703125,8309,63.70500183105469,45.708457117326354,71.75687347225454,86.86944494703573,63.970001220703125,0.04692304447690113,55.372524463122005,1.859523268732315,63.689998626708984,0.03926444800465541,45.708457117326354,1.6201855381604504,0.09986568473100928
2024-04-08 15:15:00-04:00,63.70500183105469,63.880001068115234,63.689998626708984,63.875,63.875,7987,63.8650016784668,54.399356415806125,70.0354547230113,76.88126318803951,63.970001220703125,0.04692304447690113,55.372524463122005,1.859523268732315,63.680999755859375,-0.01412917419319211,43.37707522553557,-5.1005482110378315,0.10887936039853337
2024-04-08 15:20:00-04:00,63.8650016784668,63.970001220703125,63.84000015258789,63.88999938964844,63.88999938964844,11368,63.880001068115234,55.147608831746496,80.7861443023781,74.1928241658813,63.970001220703125,0.04692304447690113,55.372524463122005,1.859523268732315,63.619998931884766,-0.09579124732412293,43.37707522553557,-5.1005482110378315,0.11099153117020348
2024-04-08 15:25:00-04:00,63.880001068115234,63.91999816894531,63.880001068115234,63.88999938964844,63.88999938964844,12271,63.88999938964844,55.147608831746496,97.48288314719579,82.76816072419507,63.970001220703125,0.04692304447690113,56.955084421465074,2.8580238551288204,63.619998931884766,-0.09579124732412293,43.37707522553557,-5.1005482110378315,0.10389208813619093
2024-04-08 15:30:00-04:00,63.88999938964844,63.939998626708984,63.750999450683594,63.79499816894531,63.79499816894531,15660,63.779998779296875,49.21556201654438,88.31336623208189,88.86079789388526,64.04000091552734,0.10942581442622232,59.824851519873604,5.038649538594979,63.619998931884766,-0.09579124732412293,43.37707522553557,-5.1005482110378315,0.1124027969251109
2024-04-08 15:35:00-04:00,63.779998779296875,63.86000061035156,63.750999450683594,63.7599983215332,63.7599983215332,13023,63.7599983215332,47.20113305847736,67.7168186783006,84.50435601919277,64.04000091552734,0.10942581442622232,59.824851519873604,5.038649538594979,63.59000015258789,-0.04715306476033333,43.37707522553557,-5.1005482110378315,0.11206263319939669
2024-04-08 15:40:00-04:00,63.7599983215332,63.77000045776367,63.680999755859375,63.689998626708984,63.689998626708984,13380,63.689998626708984,43.37707522553557,34.78133439674773,63.60383976904341,64.12999725341797,0.1405314437914135,61.11302230479202,2.1532369110694543,63.59000015258789,-0.04715306476033333,43.37707522553557,-5.1005482110378315,0.10975644006988672
2024-04-08 15:45:00-04:00,63.689998626708984,63.720001220703125,63.619998931884766,63.689998626708984,63.689998626708984,25900,63.70000076293945,43.37707522553557,12.33893672777156,38.2790299342733,64.18000030517578,0.07797139232708677,61.11302230479202,2.1532369110694543,63.59000015258789,-0.04715306476033333,43.37707522553557,-5.1005482110378315,0.10878102494473399
2024-04-08 15:50:00-04:00,63.70000076293945,63.939998626708984,63.63999938964844,63.92499923706055,63.92499923706055,49356,63.90999984741211,56.955084421465074,33.33333333333333,26.81786815261754,64.18000030517578,0.07797139232708677,61.11302230479202,2.1532369110694543,63.59000015258789,-0.04715306476033333,43.37707522553557,-5.1005482110378315,0.12790284615631528
2024-04-08 15:55:00-04:00,63.90999984741211,64.04000091552734,63.900001525878906,63.9900016784668,63.9900016784668,74913,63.59000015258789,59.824851519873604,66.66666666666666,37.446312242590515,64.18000030517578,0.07797139232708677,61.11302230479202,2.1532369110694543,63.59000015258789,-0.04715306476033333,43.37707522553557,-5.1005482110378315,0.1291125005055275
2024-04-09 09:30:00-04:00,63.59000015258789,63.91999816894531,63.59000015258789,63.91999816894531,63.91999816894531,15699,64.12999725341797,55.531109285928515,91.29823153171337,63.766077177237776,64.18000030517578,0.07797139232708677,61.11302230479202,2.1532369110694543,63.59000015258789,-0.04715306476033333,43.37707522553557,-5.1005482110378315,0.1562014030428654
2024-04-09 09:35:00-04:00,64.12999725341797,64.12999725341797,64.0,64.05000305175781,64.05000305175781,5664,64.01000213623047,61.11302230479202,91.29823153171337,83.08770991003114,64.18000030517578,0.07797139232708677,61.11302230479202,2.1532369110694543,63.59000015258789,-0.04715306476033333,43.37707522553557,-5.1005482110378315,0.16158117118584447
2024-04-09 09:40:00-04:00,64.01000213623047,64.18000030517578,63.90999984741211,63.90999984741211,63.90999984741211,4191,63.93000030517578,53.34698233283209,76.70256331571508,86.43300879304728,64.18000030517578,0.07797139232708677,61.11302230479202,2.1532369110694543,63.59000015258789,-0.04715306476033333,41.94023007515416,-3.312452817324933,0.17242309984362722
2024-04-09 09:45:00-04:00,63.93000030517578,63.93000030517578,63.7599983215332,63.897499084472656,63.897499084472656,1774,63.959999084472656,52.70298466098957,69.59832002302726,79.19970495681856,64.18000030517578,0.07797139232708677,61.11302230479202,2.1532369110694543,63.59000015258789,-0.04715306476033333,41.94023007515416,-3.312452817324933,0.1721809882235223
2024-04-09 09:50:00-04:00,63.959999084472656,63.959999084472656,63.779998779296875,63.779998779296875,63.779998779296875,15578,63.849998474121094,46.96409875571728,43.006518476620606,63.102467271787646,64.18000030517578,0.07797139232708677,61.11302230479202,2.1532369110694543,63.59000015258789,-0.04715306476033333,41.94023007515416,-3.312452817324933,0.17296291991874818
2024-04-09 09:55:00-04:00,63.849998474121094,63.90999984741211,63.849998474121094,63.880001068115234,63.880001068115234,3278,63.88999938964844,51.77695247004463,40.055769439892195,50.88686931318002,64.18000030517578,0.07797139232708677,61.11302230479202,2.1532369110694543,63.59000015258789,-0.04715306476033333,41.94023007515416,-3.312452817324933,0.1686667347383968
2024-04-09 10:00:00-04:00,63.88999938964844,63.88999938964844,63.709999084472656,63.709999084472656,63.709999084472656,4678,63.66999816894531,44.40047446863817,24.451847162252598,35.83804502625514,64.18000030517578,0.07797139232708677,61.11302230479202,2.1532369110694543,63.64250183105469,0.0825627902827741,41.94023007515416,-3.312452817324933,0.16980009178213523
2024-04-09 10:05:00-04:00,63.66999816894531,63.72999954223633,63.64500045776367,63.64500045776367,63.64500045776367,4367,63.68000030517578,41.94023007515416,17.7103153753259,27.40597732582356,64.18000030517578,0.07797139232708677,57.66015112403286,-5.64997614344531,63.64250183105469,0.0825627902827741,41.94023007515416,-3.312452817324933,0.16131999105118733
2024-04-09 10:10:00-04:00,63.68000030517578,64.01000213623047,63.64250183105469,64.01000213623047,64.01000213623047,21030,64.05999755859375,56.51258138607712,27.2585219977418,23.1402281784401,64.05999755859375,-0.18697841385387726,57.66015112403286,-5.64997614344531,63.64250183105469,0.0825627902827741,41.94023007515416,-3.312452817324933,0.1819380224636467
2024-04-09 10:15:00-04:00,64.05999755859375,64.05999755859375,63.834999084472656,63.88999938964844,63.88999938964844,3788,63.90999984741211,51.90040335119075,42.65162892138451,29.206822098150734,64.05999755859375,-0.18697841385387726,57.66015112403286,-5.64997614344531,63.64250183105469,0.0825627902827741,41.94023007515416,-3.312452817324933,0.1862440676293914
2024-04-09 10:20:00-04:00,63.90999984741211,64.0,63.90999984741211,63.91999816894531,63.91999816894531,4768,63.939998626708984,52.93449893718001,61.765987661875435,43.89204619366725,64.05999755859375,-0.18697841385387726,57.66015112403286,-5.64997614344531,63.64250183105469,0.0825627902827741,41.94023007515416,-3.312452817324933,0.17861972190160852
2024-04-09 10:25:00-04:00,63.939998626708984,64.05000305175781,63.939998626708984,64.0,64.0,5567,63.939998626708984,55.67154954654888,60.30379090330394,54.90713582885463,64.05999755859375,-0.18697841385387726,57.66015112403286,-5.64997614344531,63.64250183105469,0.0825627902827741,41.94023007515416,-3.312452817324933,0.17375823799269768
2024-04-09 10:30:00-04:00,63.939998626708984,64.05999755859375,63.849998474121094,64.05999755859375,64.05999755859375,4945,64.01000213623047,57.66015112403286,70.31754321066396,64.12910725861444,64.19000244140625,0.20294237865617845,60.65044852468118,5.1860727770482065,63.64250183105469,0.0825627902827741,41.94023007515416,-3.312452817324933,0.17738232264069353
2024-04-09 10:35:00-04:00,64.01000213623047,64.05999755859375,63.93000030517578,63.939998626708984,63.939998626708984,8781,63.935001373291016,52.57959822438942,69.70052177643598,66.77395196346797,64.2750015258789,0.13241794865212053,60.65044852468118,5.1860727770482065,63.64250183105469,0.0825627902827741,46.64912957366788,11.227643458501957,0.17264381571842105
2024-04-09 10:40:00-04:00,63.935001373291016,63.95000076293945,63.71500015258789,63.790000915527344,63.790000915527344,10467,63.6869010925293,47.00433875443757,54.63192754439138,64.88333084383044,64.2750015258789,0.13241794865212053,60.65044852468118,5.1860727770482065,63.67499923706055,0.05106242694878173,46.64912957366788,11.227643458501957,0.1788794951817352
2024-04-09 10:45:00-04:00,63.6869010925293,63.86000061035156,63.67499923706055,63.779998779296875,63.779998779296875,7449,63.73500061035156,46.64912957366788,37.28666297182413,53.873037430883834,64.2750015258789,0.13241794865212053,60.65044852468118,5.1860727770482065,63.67499923706055,0.05106242694878173,46.64912957366788,11.227643458501957,0.17949168299266324
2024-04-09 10:50:00-04:00,63.73500061035156,63.849998474121094,63.72999954223633,63.834999084472656,63.834999084472656,15651,63.845001220703125,48.9343702404848,33.62006207868402,41.84621753163318,64.27999877929688,0.007774800932453836,60.65044852468118,5.1860727770482065,63.67499923706055,0.05106242694878173,46.64912957366788,11.227643458501957,0.17354240788187347
2024-04-09 10:55:00-04:00,63.845001220703125,64.19000244140625,63.845001220703125,64.19000244140625,64.19000244140625,8747,64.2750015258789,60.65044852468118,58.14906369961091,43.018596250039685,64.27999877929688,0.007774800932453836,60.65044852468118,5.1860727770482065,63.67499923706055,0.05106242694878173,46.64912957366788,11.227643458501957,0.1916885027870455
2024-04-09 11:00:00-04:00,64.2750015258789,64.2750015258789,64.09639739990234,64.1500015258789,64.1500015258789,8555,64.13999938964844,59.007650947189326,78.57066444242675,56.779930073573894,64.27999877929688,0.007774800932453836,60.65044852468118,5.1860727770482065,63.67499923706055,0.05106242694878173,46.64912957366788,11.227643458501957,0.1903800651059972
2024-04-09 11:05:00-04:00,64.13999938964844,64.21499633789062,63.970001220703125,63.97999954223633,63.97999954223633,18540,63.974998474121094,52.49928230320881,82.55148859719877,73.09040557974548,64.27999877929688,0.007774800932453836,60.65044852468118,5.1860727770482065,63.67499923706055,0.05106242694878173,46.64912957366788,11.227643458501957,0.19584157031414748
2024-04-09 11:10:00-04:00,63.974998474121094,64.12000274658203,63.974998474121094,64.08000183105469,64.08000183105469,9962,64.08000183105469,55.60150320064978,73.55650129003732,78.22621810988761,64.27999877929688,0.007774800932453836,60.65044852468118,5.1860727770482065,63.67499923706055,0.05106242694878173,46.64912957366788,11.227643458501957,0.19075784052882647
2024-04-09 11:15:00-04:00,64.08000183105469,64.27999877929688,64.08000183105469,64.20999908447266,64.20999908447266,3513,64.2300033569336,59.32074534525758,73.31757821587168,76.47518936770258,64.27999877929688,0.007774800932453836,60.65044852468118,5.1860727770482065,63.72999954223633,0.08637660908485666,48.9343702404848,4.898785224294687,0.19168175130016257
2024-04-09 11:20:00-04:00,64.2300033569336,64.2300033569336,64.1500015258789,64.16000366210938,64.16000366210938,5006,64.20999908447266,57.33162443156705,79.93813323478743,75.60407091356547,64.27999877929688,0.007774800932453836,60.65044852468118,5.1860727770482065,63.83000183105469,0.1569155649406274,49.02720250306458,0.1897076883253182,0.18051375927561505
2024-04-09 11:25:00-04:00,64.20999908447266,64.20999908447266,64.04000091552734,64.05000305175781,64.05000305175781,5837,64.0199966430664,53.11179316751935,70.98563196715227,74.7471144726038,64.27999877929688,0.007774800932453836,59.32074534525758,-2.1924045275320463,63.83000183105469,0.1569155649406274,49.02720250306458,0.1897076883253182,0.1794622002425848
2024-04-09 11:30:00-04:00,64.0199966430664,64.02999877929688,63.880001068115234,63.939998626708984,63.939998626708984,8387,63.939998626708984,49.21091803203653,46.91688209058111,65.94688243084028,64.27999877929688,0.007774800932453836,59.32074534525758,-2.1924045275320463,63.83000183105469,0.1569155649406274,49.02720250306458,0.1897076883253182,0.17851617858258412
2024-04-09 11:35:00-04:00,63.939998626708984,63.95000076293945,63.83000183105469,63.95000076293945,63.95000076293945,4465,63.915000915527344,49.573575440647424,28.447076928979627,48.783196995571,64.27999877929688,0.007774800932453836,59.32074534525758,-2.1924045275320463,63.83000183105469,0.1569155649406274,49.02720250306458,0.1897076883253182,0.17266445391280227
2024-04-09 11:40:00-04:00,63.915000915527344,64.05000305175781,63.845001220703125,64.05000305175781,64.05000305175781,3554,63.9900016784668,53.173702812090276,28.59446695889402,34.65280865948492,64.27999877929688,0.007774800932453836,59.32074534525758,-2.1924045275320463,63.83000183105469,0.1569155649406274,49.02720250306458,0.1897076883253182,0.17589819162699077
2024-04-09 11:45:00-04:00,63.9900016784668,63.9900016784668,63.90999984741211,63.939998626708984,63.939998626708984,3560,63.98500061035156,49.02720250306458,28.157090238375233,28.399544708749627,64.2300033569336,-0.07777757204840464,57.73282375097597,-2.676840260586101,63.83000183105469,0.1569155649406274,49.02720250306458,0.1897076883253182,0.17230869289886203
2024-04-09 11:50:00-04:00,63.98500061035156,64.0250015258789,63.98500061035156,64.0199966430664,64.0199966430664,1751,63.9900016784668,51.96101508208806,33.84093485757056,30.19749735161327,64.26000213623047,0.046705243233708546,60.57880596005678,4.92957389605026,63.83000183105469,0.1569155649406274,49.02720250306458,0.1897076883253182,0.16357811352596802
2024-04-09 11:55:00-04:00,63.9900016784668,64.0199966430664,63.95000076293945,64.01000213623047,64.01000213623047,4792,64.0,51.56172532220889,25.782769849275265,29.260264981740352,64.27999877929688,0.031118335514545417,60.932712291732784,0.5842081666471807,63.83000183105469,0.1569155649406274,49.02720250306458,0.1897076883253182,0.15421989018606652
2024-04-09 12:00:00-04:00,64.0,64.12999725341797,64.0,64.12999725341797,64.12999725341797,2736,64.125,55.93943994642976,39.94425139995351,33.18931870226644,64.33499908447266,0.08556363755485259,62.03471474030508,1.8085563683693267,63.83000183105469,0.1569155649406274,49.02720250306458,0.1897076883253182,0.15179762650925674
2024-04-09 12:05:00-04:00,64.125,64.1500015258789,64.08499908447266,64.1500015258789,64.1500015258789,3997,64.20500183105469,56.64293735787253,51.959948196592634,39.2289898152738,64.41000366210938,0.116584407715988,65.8389413399526,6.132415721702103,63.845001220703125,0.023498964778565883,49.02720250306458,0.1897076883253182,0.14311810799895605
2024-04-09 12:10:00-04:00,64.20500183105469,64.20500183105469,64.12999725341797,64.18000030517578,64.18000030517578,2292,64.19000244140625,57.73282375097597,72.67608326972677,54.86009428875764,64.44999694824219,0.062091730878660774,65.8389413399526,6.132415721702103,63.90999984741211,0.10180691591545801,49.02720250306458,0.1897076883253182,0.1363067549627323
2024-04-09 12:15:00-04:00,64.19000244140625,64.26000213623047,64.19000244140625,64.26000213623047,64.26000213623047,2376,64.23999786376953,60.57880596005678,86.18639002766692,70.27414049799545,64.44999694824219,0.062091730878660774,65.8389413399526,6.132415721702103,63.95000076293945,0.06258944707064257,51.56172532220889,5.169625615464979,0.13067626257192783
2024-04-09 12:20:00-04:00,64.23999786376953,64.27999877929688,64.20999908447266,64.2699966430664,64.2699966430664,4357,64.30999755859375,60.932712291732784,94.85787151995665,84.57344827245011,64.44999694824219,0.062091730878660774,65.8389413399526,6.132415721702103,63.95000076293945,0.06258944707064257,51.56172532220889,5.169625615464979,0.12460860579715691
2024-04-09 12:25:00-04:00,64.30999755859375,64.33499908447266,64.29000091552734,64.30000305175781,64.30000305175781,2412,64.31999969482422,62.03471474030508,100.0,93.6814205158745,64.44999694824219,0.062091730878660774,65.8389413399526,6.132415721702103,64.0,0.07818488891953637,54.66055940912731,6.009950341176175,0.11864798935806622
2024-04-09 12:30:00-04:00,64.31999969482422,64.41000366210938,64.31999969482422,64.41000366210938,64.41000366210938,1406,64.41999816894531,65.8389413399526,100.0,98.28595717331888,64.44999694824219,0.062091730878660774,65.8389413399526,6.132415721702103,64.08499908447266,0.1328110694885254,53.54980824225494,-2.0320889117847076,0.11778325145741586
2024-04-09 12:35:00-04:00,64.41999816894531,64.44999694824219,64.31999969482422,64.31999969482422,64.31999969482422,3744,64.30000305175781,60.497387923542,89.40908003184407,96.46969334394804,64.44999694824219,0.062091730878660774,65.8389413399526,6.132415721702103,64.12999725341797,0.0702163838467078,53.54980824225494,-2.0320889117847076,0.11900465165347116
2024-04-09 12:40:00-04:00,64.30000305175781,64.30000305175781,64.20999908447266,64.20999908447266,64.20999908447266,4163,64.19000244140625,54.66055940912731,67.24523757374394,85.55143920186266,64.44999694824219,0.062091730878660774,65.8389413399526,6.132415721702103,64.12999725341797,0.0702163838467078,53.076237259594386,-0.8843560755963085,0.11810424752328028
2024-04-09 12:45:00-04:00,64.19000244140625,64.2300033569336,64.19000244140625,64.2300033569336,64.2300033569336,3458,64.2249984741211,55.50137214098797,46.74850946556015,67.8009423570494,64.44999694824219,0.062091730878660774,65.8389413399526,6.132415721702103,64.12999725341797,0.0702163838467078,53.076237259594386,-0.8843560755963085,0.11029391432368663
2024-04-09 12:50:00-04:00,64.2249984741211,64.25,64.1500015258789,64.25,64.25,4668,64.2300033569336,56.37234379500138,38.56961302388744,50.85445335439717,64.44999694824219,0.062091730878660774,65.8389413399526,6.132415721702103,64.12999725341797,0.0702163838467078,53.076237259594386,-0.8843560755963085,0.10926437030342732
2024-04-09 12:55:00-04:00,64.2300033569336,64.2699966430664,64.1500015258789,64.19999694824219,64.19999694824219,4172,64.19000244140625,53.54980824225494,32.04174349737111,39.11995532893957,64.44999694824219,0.062091730878660774,65.8389413399526,6.132415721702103,64.12999725341797,0.0702163838467078,53.076237259594386,-0.8843560755963085,0.11033744499183458
2024-04-09 13:00:00-04:00,64.19000244140625,64.22000122070312,64.12999725341797,64.21499633789062,64.21499633789062,4458,64.19999694824219,54.289165329861255,25.57295303448031,32.06143651857962,64.44999694824219,0.062091730878660774,60.497387923542,-8.113060914558204,64.12999725341797,0.0702163838467078,53.076237259594386,-0.8843560755963085,0.10830409722116677
2024-04-09 13:05:00-04:00,64.19999694824219,64.2300033569336,64.19499969482422,64.19499969482422,64.19499969482422,2601,64.19000244140625,53.076237259594386,11.009436110975612,22.874710880942345,64.40370178222656,-0.07183113763807192,61.75846166243459,2.0845094014412084,64.12999725341797,0.0702163838467078,53.076237259594386,-0.8843560755963085,0.1009740537099876
2024-04-09 13:10:00-04:00,64.19000244140625,64.31999969482422,64.19000244140625,64.31999969482422,64.31999969482422,8059,64.31999969482422,59.21105858137591,22.390598239163158,19.657662461539694,64.45500183105469,0.07965388232122123,63.73496846858377,3.2003821872257197,64.12999725341797,0.0702163838467078,53.076237259594386,-0.8843560755963085,0.10387637368078573
2024-04-09 13:15:00-04:00,64.31999969482422,64.33000183105469,64.23999786376953,64.27999877929688,64.27999877929688,9063,64.2750015258789,56.658257901661344,25.378221581330585,19.59275197715645,64.47000122070312,0.023271102664387377,63.73496846858377,3.2003821872257197,64.12999725341797,0.0702163838467078,53.076237259594386,-0.8843560755963085,0.10248913304122279
2024-04-09 13:20:00-04:00,64.2750015258789,64.37000274658203,64.24250030517578,64.3499984741211,64.3499984741211,18415,64.3499984741211,59.91516298479815,43.23996854379147,30.33626278809507,64.47000122070312,0.023271102664387377,63.73496846858377,3.2003821872257197,64.12999725341797,0.0702163838467078,53.076237259594386,-0.8843560755963085,0.10499046387772551
2024-04-09 13:25:00-04:00,64.3499984741211,64.38999938964844,64.27999877929688,64.31999969482422,64.31999969482422,3874,64.30000305175781,57.906897361771684,39.83379063825046,36.150660254457506,64.47000122070312,0.023271102664387377,63.73496846858377,3.2003821872257197,64.12999725341797,0.0702163838467078,53.076237259594386,-0.8843560755963085,0.1054914785251092
2024-04-09 13:30:00-04:00,64.30000305175781,64.40370178222656,64.30000305175781,64.40370178222656,64.40370178222656,3220,64.41000366210938,61.75846166243459,53.15438406072236,45.409381080921435,64.47000122070312,0.023271102664387377,63.73496846858377,3.2003821872257197,64.19000244140625,0.09356805014533683,53.076237259594386,-0.8843560755963085,0.10531220371947328
2024-04-09 13:35:00-04:00,64.41000366210938,64.45500183105469,64.41000366210938,64.44999694824219,64.44999694824219,4582,64.44999694824219,63.73496846858377,63.130863077851394,52.03967925894141,64.47000122070312,0.023271102664387377,63.73496846858377,3.2003821872257197,64.19000244140625,0.09356805014533683,56.658257901661344,6.748821745873574,0.09991098823033845
2024-04-09 13:40:00-04:00,64.44999694824219,64.47000122070312,64.38500213623047,64.43000030517578,64.43000030517578,3454,64.41000366210938,62.2386324380659,79.16805941099018,65.15110218318797,64.4800033569336,0.01551440366229865,63.73496846858377,3.2003821872257197,64.23999786376953,0.07788661857260083,56.658257901661344,6.748821745873574,0.09841979785457022
2024-04-09 13:45:00-04:00,64.41000366210938,64.41000366210938,64.33999633789062,64.38999938964844,64.38999938964844,3541,64.4000015258789,59.242360460165855,75.77550881526545,72.69147710136902,64.54000091552734,0.09304831803687927,64.35644704923641,0.9750982789910285,64.24250030517578,0.0038954568640503368,57.906897361771684,2.2038084232620343,0.09757821479762882
2024-04-09 13:50:00-04:00,64.4000015258789,64.44000244140625,64.4000015258789,64.44000244140625,64.44000244140625,1801,64.41999816894531,61.72303585648792,74.97864585019323,76.64073802548295,64.55000305175781,0.01549757683387697,64.35644704923641,0.9750982789910285,64.27999877929688,0.05837019721051025,57.906897361771684,2.2038084232620343,0.09282069849364719
2024-04-09 13:55:00-04:00,64.41999816894531,64.44999694824219,64.4000015258789,64.4000015258789,64.4000015258789,3496,64.40499877929688,58.64785170635095,63.749101853791636,71.50108550641677,64.55000305175781,0.01549757683387697,64.35644704923641,0.9750982789910285,64.30000305175781,0.031120524021198987,50.61107296472085,-12.599232094011844,0.08853817088061058
2024-04-09 14:00:00-04:00,64.40499877929688,64.47000122070312,64.37000274658203,64.42009735107422,64.42009735107422,6568,64.44000244140625,59.73325459707613,65.28428813217427,68.00401194538638,64.55000305175781,0.01549757683387697,64.35644704923641,0.9750982789910285,64.13500213623047,-0.25661105395986916,44.46223700850565,-12.149191068328713,0.08968420120465889
2024-04-09 14:05:00-04:00,64.44000244140625,64.4800033569336,64.3949966430664,64.4800033569336,64.4800033569336,3967,64.4800033569336,62.86260063209288,68.848079335402,65.96048977378929,64.55000305175781,0.01549757683387697,64.35644704923641,0.9750982789910285,64.13500213623047,-0.25661105395986916,42.10163554859406,-5.309227827335831,0.08921645247091176
2024-04-09 14:10:00-04:00,64.4800033569336,64.54000091552734,64.44999694824219,64.51000213623047,64.51000213623047,4035,64.54000091552734,64.35644704923641,84.75715476063472,72.96317407607033,64.55000305175781,0.01549757683387697,64.35644704923641,0.9750982789910285,64.13500213623047,-0.25661105395986916,41.058404820787814,-2.4778864626343102,0.08929520395233621
2024-04-09 14:15:00-04:00,64.54000091552734,64.55000305175781,64.41000366210938,64.43499755859375,64.43499755859375,3947,64.41999816894531,58.067257983966655,70.03948981405532,74.54824130336401,64.55000305175781,0.01549757683387697,64.35644704923641,0.9750982789910285,64.13500213623047,-0.25661105395986916,41.058404820787814,-2.4778864626343102,0.09436562252194634
2024-04-09 14:20:00-04:00,64.41999816894531,64.41999816894531,64.30999755859375,64.33000183105469,64.33000183105469,6218,64.3499984741211,50.61107296472085,39.434335596309886,64.74366005699999,64.55000305175781,0.01549757683387697,64.35644704923641,0.9750982789910285,64.13500213623047,-0.25661105395986916,40.96281336648212,-0.2328182371500531,0.0974290602697517
2024-04-09 14:25:00-04:00,64.3499984741211,64.38999938964844,64.13500213623047,64.2249984741211,64.2249984741211,15334,64.23999786376953,44.46223700850565,6.101002262976552,38.524942557780584,64.55000305175781,0.01549757683387697,64.35644704923641,0.9750982789910285,64.13500213623047,-0.25661105395986916,40.65895558471458,-0.7417893371947258,0.1131858795845734
2024-04-09 14:30:00-04:00,64.23999786376953,64.30000305175781,64.16999816894531,64.18000030517578,64.18000030517578,10199,64.17500305175781,42.10163554859406,0.0,15.178445953095478,64.55000305175781,0.01549757683387697,64.35644704923641,0.9750982789910285,64.13500213623047,-0.25661105395986916,40.65895558471458,-0.7417893371947258,0.11486777990736607
2024-04-09 14:35:00-04:00,64.17500305175781,64.2300033569336,64.1449966430664,64.16000366210938,64.16000366210938,5706,64.13999938964844,41.058404820787814,0.0,2.033667420992184,64.55000305175781,0.01549757683387697,64.35644704923641,0.9750982789910285,64.06999969482422,-0.1013525208406121,38.95264215097175,-4.196648460848095,0.11188167330334822
2024-04-09 14:40:00-04:00,64.13999938964844,64.23999786376953,64.13999938964844,64.16999816894531,64.16999816894531,5677,64.19000244140625,41.834184117468716,1.1099348879103301,0.36997829597011006,64.55000305175781,0.01549757683387697,58.067257983966655,-9.772430507946094,64.06999969482422,-0.1013525208406121,38.95264215097175,-4.196648460848095,0.11069335338512279
2024-04-09 14:45:00-04:00,64.19000244140625,64.19999694824219,64.1500015258789,64.15499877929688,64.15499877929688,6069,64.16999816894531,40.96281336648212,1.1099348879103301,0.7399565919402201,64.41999816894531,-0.2014018228756067,50.61107296472085,-12.840601189235741,64.06999969482422,-0.1013525208406121,38.95264215097175,-4.196648460848095,0.10462356028293862
2024-04-09 14:50:00-04:00,64.16999816894531,64.19999694824219,64.13999938964844,64.1500015258789,64.1500015258789,6114,64.1500015258789,40.65895558471458,1.1099348879103301,1.1099348879103301,64.38999938964844,-0.0465674947990551,49.43404527966516,-2.3256327441944324,64.06999969482422,-0.1013525208406121,38.95264215097175,-4.196648460848095,0.10016096011401976
2024-04-09 14:55:00-04:00,64.1500015258789,64.19000244140625,64.13999938964844,64.16000366210938,64.16000366210938,7589,64.13999938964844,41.592839202029246,1.3136181083594172,1.1778292947266926,64.30000305175781,-0.13976757065336007,49.43404527966516,-2.3256327441944324,64.06999969482422,-0.1013525208406121,38.95264215097175,-4.196648460848095,0.09514516927839903
2024-04-09 15:00:00-04:00,64.13999938964844,64.16000366210938,64.06999969482422,64.12000274658203,64.12000274658203,7381,64.12999725341797,38.95264215097175,1.3136181083594172,1.245723701543055,64.31999969482422,0.031098976854340273,53.42500934080987,8.073310688143103,64.06999969482422,-0.1013525208406121,38.95264215097175,-4.196648460848095,0.09463104907907474
2024-04-09 15:05:00-04:00,64.12999725341797,64.16000366210938,64.12999725341797,64.1500015258789,64.1500015258789,4106,64.1500015258789,41.92971894420186,5.219957867505071,2.6157313614079687,64.31999969482422,0.031098976854340273,53.42500934080987,8.073310688143103,64.06999969482422,-0.1013525208406121,38.95264215097175,-4.196648460848095,0.08916803572390164
2024-04-09 15:10:00-04:00,64.1500015258789,64.19000244140625,64.12999725341797,64.16799926757812,64.16799926757812,5091,64.1500015258789,43.7035145043993,10.14014656151706,5.557907512460517,64.31999969482422,0.031098976854340273,53.42500934080987,8.073310688143103,64.06999969482422,-0.1013525208406121,38.95264215097175,-4.196648460848095,0.0862517509503396
2024-04-09 15:15:00-04:00,64.1500015258789,64.2300033569336,64.1500015258789,64.2300033569336,64.2300033569336,5285,64.20999908447266,49.43404527966516,23.893208580728473,13.084437669916866,64.31999969482422,0.031098976854340273,53.42500934080987,8.073310688143103,64.06999969482422,-0.1013525208406121,38.95264215097175,-4.196648460848095,0.08562675896077439
2024-04-09 15:20:00-04:00,64.20999908447266,64.20999908447266,64.1500015258789,64.15339660644531,64.15339660644531,10291,64.16000366210938,43.53737078084556,27.98202232075287,20.671792487666135,64.31999969482422,0.031098976854340273,53.42500934080987,8.073310688143103,64.06999969482422,-0.1013525208406121,38.95264215097175,-4.196648460848095,0.0850642661701657
2024-04-09 15:25:00-04:00,64.16000366210938,64.31999969482422,64.1510009765625,64.27999877929688,64.27999877929688,6900,64.25,53.42500934080987,55.08154885171479,35.652259917732046,64.3499984741211,0.04663989340672988,57.15164131034499,6.975444675661385,64.06999969482422,-0.1013525208406121,38.95264215097175,-4.196648460848095,0.093457711379321
2024-04-09 15:30:00-04:00,64.25,64.31500244140625,64.22000122070312,64.2699966430664,64.2699966430664,12222,64.30000305175781,52.64069636501684,72.85535923813686,51.972976803534834,64.4000015258789,0.07770482197901163,57.15164131034499,6.975444675661385,64.12999725341797,0.09364376288360869,41.92971894420186,7.642810933573199,0.09361206231170141
2024-04-09 15:35:00-04:00,64.30000305175781,64.30000305175781,64.13999938964844,64.18000030517578,64.18000030517578,11437,64.16500091552734,46.08496946986487,81.28766648844517,69.74152485943227,64.4000015258789,0.07770482197901163,57.15164131034499,6.975444675661385,62.720001220703125,-2.198652881806719,19.325344873309657,-53.910149269001934,0.10025122229146877
2024-04-09 15:40:00-04:00,64.16500091552734,64.26000213623047,64.16500091552734,64.26000213623047,64.26000213623047,10912,64.26000213623047,51.82814831550927,77.60971248512715,77.25091273723639,64.4000015258789,0.07770482197901163,57.15164131034499,6.975444675661385,62.56999969482422,-0.23916059145322932,17.634207599387956,-8.750877591102345,0.09972622213263439
2024-04-09 15:45:00-04:00,64.26000213623047,64.30999755859375,64.19000244140625,64.22000122070312,64.22000122070312,18981,64.22000122070312,49.016631805581035,69.26262244819003,76.0533338072541,64.4000015258789,0.07770482197901163,57.15164131034499,6.975444675661385,62.560001373291016,-0.01597941758345603,16.190870745122908,-8.184869357640677,0.10175311163812095
2024-04-09 15:50:00-04:00,64.22000122070312,64.3499984741211,64.1500015258789,64.3499984741211,64.3499984741211,31376,64.3499984741211,57.15164131034499,86.16849503204502,77.68027665512074,64.4000015258789,0.07770482197901163,57.15164131034499,6.975444675661385,62.31999969482422,-0.3836343881048278,14.127302262685939,-12.745259442322252,0.1115774952985276
2024-04-09 15:55:00-04:00,64.3499984741211,64.4000015258789,64.2300033569336,64.27999877929688,64.27999877929688,90815,63.68000030517578,52.31134365157251,80.98094748335501,78.80402165453002,64.4000015258789,0.07770482197901163,57.15164131034499,6.975444675661385,62.2400016784668,-0.12836652238312807,14.127302262685939,-12.745259442322252,0.1174195626632061
2024-04-10 09:30:00-04:00,63.68000030517578,63.68000030517578,62.720001220703125,62.970001220703125,62.970001220703125,12484,63.22999954223633,19.325344873309657,57.80116511465864,74.98353587668622,64.4000015258789,0.07770482197901163,57.15164131034499,6.975444675661385,62.2400016784668,-0.12836652238312807,14.127302262685939,-12.745259442322252,0.26167736225626054
2024-04-10 09:35:00-04:00,63.22999954223633,63.22999954223633,62.56999969482422,62.78499984741211,62.78499984741211,7631,62.69660186767578,17.634207599387956,24.4678317813253,54.41664812644632,64.4000015258789,0.07770482197901163,57.15164131034499,6.975444675661385,62.2400016784668,-0.12836652238312807,14.127302262685939,-12.745259442322252,0.30150961077184546
2024-04-10 09:40:00-04:00,62.69660186767578,62.7599983215332,62.560001373291016,62.61000061035156,62.61000061035156,6232,62.66999816894531,16.190870745122908,0.0,27.42299896532798,64.4000015258789,0.07770482197901163,57.15164131034499,6.975444675661385,62.2400016784668,-0.12836652238312807,14.127302262685939,-12.745259442322252,0.29385849710677026
2024-04-10 09:45:00-04:00,62.66999816894531,62.66999816894531,62.31999969482422,62.31999969482422,62.31999969482422,10642,62.2400016784668,14.127302262685939,0.0,8.155943927108433,64.4000015258789,0.07770482197901163,57.15164131034499,6.975444675661385,62.2400016784668,-0.12836652238312807,14.127302262685939,-12.745259442322252,0.2994724948082026
2024-04-10 09:50:00-04:00,62.2400016784668,62.540000915527344,62.2400016784668,62.540000915527344,62.540000915527344,5487,62.599998474121094,22.22563403028471,6.274225199700764,2.0914083999002546,64.4000015258789,0.07770482197901163,52.31134365157251,-8.469218989685157,62.2400016784668,-0.12836652238312807,14.127302262685939,-12.745259442322252,0.299525169033437
2024-04-10 09:55:00-04:00,62.599998474121094,62.654998779296875,62.548099517822266,62.548099517822266,62.548099517822266,3213,62.679500579833984,22.515319006637764,12.77288536091806,6.349036853539609,63.68000030517578,-1.11801429137202,41.802751544230695,-20.088553215791695,62.2400016784668,-0.12836652238312807,14.127302262685939,-12.745259442322252,0.28107243850704644
2024-04-10 10:00:00-04:00,62.679500579833984,62.77000045776367,62.650001525878906,62.744998931884766,62.744998931884766,10450,62.810001373291016,29.40042477178203,24.605817485048775,14.550976015222533,63.29999923706055,-0.5967353427985909,46.02042504797508,10.089463846134018,62.2400016784668,-0.12836652238312807,14.127302262685939,-12.745259442322252,0.27515528865048244
2024-04-10 10:05:00-04:00,62.810001373291016,63.06999969482422,62.744998931884766,62.779998779296875,62.779998779296875,9321,62.7400016784668,30.58122952996502,31.079359116468634,22.81935398747849,63.380001068115234,0.12638520066181683,47.98039325613023,4.258909399710957,62.2400016784668,-0.12836652238312807,14.127302262685939,-12.745259442322252,0.28013983607937953
2024-04-10 10:10:00-04:00,62.7400016784668,63.06999969482422,62.7400016784668,62.959999084472656,62.959999084472656,6210,63.119998931884766,36.4665512790597,41.88814981589719,32.524442139138195,63.459999084472656,0.12621965132415675,47.98039325613023,4.258909399710957,62.2400016784668,-0.12836652238312807,14.127302262685939,-12.745259442322252,0.28512565410718377
2024-04-10 10:15:00-04:00,63.119998931884766,63.189998626708984,62.93000030517578,63.130001068115234,63.130001068115234,17103,63.07500076293945,41.51013616396921,51.27021251206316,41.41257381480966,63.459999084472656,0.12621965132415675,47.98039325613023,4.258909399710957,62.2400016784668,-0.12836652238312807,22.22563403028471,57.323978895734925,0.28261292084978573
2024-04-10 10:20:00-04:00,63.07500076293945,63.29999923706055,63.04999923706055,63.13999938964844,63.13999938964844,4865,63.13999938964844,41.802751544230695,59.96414580862145,51.04083604552727,63.459999084472656,0.12621965132415675,47.98039325613023,4.258909399710957,62.548099517822266,0.4950157953836648,22.515319006637764,1.3033822835304907,0.2793516287648071
2024-04-10 10:25:00-04:00,63.13999938964844,63.28499984741211,63.099998474121094,63.28499984741211,63.28499984741211,7483,63.22249984741211,46.02042504797508,67.36605984177086,59.53347272081849,63.459999084472656,0.12621965132415675,47.98039325613023,4.258909399710957,62.650001525878906,0.16291783258355433,29.40042477178203,30.579650073420954,0.26991660321742794
2024-04-10 10:30:00-04:00,63.22249984741211,63.380001068115234,63.189998626708984,63.35499954223633,63.35499954223633,25411,63.369998931884766,47.98039325613023,75.70363005657738,67.67794523565657,63.459999084472656,0.12621965132415675,47.98039325613023,4.258909399710957,62.7400016784668,0.1436554675113841,30.58122952996502,4.016284687547454,0.2619251870363101
2024-04-10 10:35:00-04:00,63.369998931884766,63.459999084472656,63.2599983215332,63.2599983215332,63.2599983215332,11109,63.290000915527344,45.56245923504514,85.21445257884564,76.09471415906462,63.459999084472656,0.12621965132415675,47.98039325613023,4.258909399710957,62.7400016784668,0.1436554675113841,36.4665512790597,19.24488269292098,0.25573274462662443
2024-04-10 10:40:00-04:00,63.290000915527344,63.290000915527344,63.119998931884766,63.119998931884766,63.119998931884766,5668,63.16999816894531,42.188381044991694,88.13533547910443,83.01780603817582,63.459999084472656,0.12621965132415675,47.98039325613023,4.258909399710957,62.93000030517578,0.30283490855275896,39.63343730653628,8.684358450137044,0.2471596685282198
2024-04-10 10:45:00-04:00,63.16999816894531,63.369998931884766,63.16999816894531,63.209999084472656,63.209999084472656,5873,63.20500183105469,45.00774597494611,88.98909652930139,87.44629486241716,63.459999084472656,0.12621965132415675,47.98039325613023,4.258909399710957,62.95000076293945,0.031782071613984886,39.63343730653628,8.684358450137044,0.2474437016753978
2024-04-10 10:50:00-04:00,63.20500183105469,63.2400016784668,62.98500061035156,62.98500061035156,62.98500061035156,5861,62.98500061035156,39.78417469425574,83.2995278949253,86.80798663444371,63.459999084472656,0.12621965132415675,47.98039325613023,4.258909399710957,62.95000076293945,0.031782071613984886,39.63343730653628,8.684358450137044,0.24819943831938146
2024-04-10 10:55:00-04:00,62.98500061035156,63.04999923706055,62.970001220703125,63.029998779296875,63.029998779296875,4909,63.0,41.25265609484997,80.29517791094952,84.19460077839209,63.459999084472656,0.12621965132415675,47.98039325613023,4.258909399710957,62.95000076293945,0.031782071613984886,39.63343730653628,8.684358450137044,0.23137929612318547
2024-04-10 11:00:00-04:00,63.0,63.02000045776367,62.95000076293945,62.959999084472656,62.959999084472656,5528,62.95500183105469,39.63343730653628,72.29616694829514,78.63029091805666,63.459999084472656,0.12621965132415675,52.51648914578028,9.454061506822882,62.95000076293945,0.031782071613984886,39.63343730653628,8.684358450137044,0.21624116814660913
2024-04-10 11:05:00-04:00,62.95500183105469,63.209999084472656,62.95500183105469,63.185001373291016,63.185001373291016,6596,63.21500015258789,46.85441908934446,78.34649589526101,76.97928025150189,63.369998931884766,-0.14182186241145375,52.51648914578028,9.454061506822882,62.95000076293945,0.031782071613984886,39.63343730653628,8.684358450137044,0.22011677667374513
2024-04-10 11:10:00-04:00,63.21500015258789,63.21500015258789,63.101200103759766,63.16999816894531,63.16999816894531,6037,63.150001525878906,46.45537804147999,84.13230591464797,78.25832291940138,63.369998931884766,-0.14182186241145375,52.51648914578028,9.454061506822882,62.95000076293945,0.031782071613984886,39.63343730653628,8.684358450137044,0.20948510388918312
2024-04-10 11:15:00-04:00,63.150001525878906,63.15999984741211,63.084999084472656,63.13999938964844,63.13999938964844,2501,63.16999816894531,45.61878363327042,88.22130821711282,83.5667033423406,63.470001220703125,0.15780699148480337,55.37261852063531,5.438538297803407,62.95000076293945,0.031782071613984886,39.63343730653628,8.684358450137044,0.19703650194753045
2024-04-10 11:20:00-04:00,63.16999816894531,63.16999816894531,63.0,63.09000015258789,63.09000015258789,5958,63.130001068115234,44.190379277513124,75.10604458240246,82.48655290472108,63.5099983215332,0.06301733111836079,56.91526134514786,2.7859307826261994,62.95000076293945,0.031782071613984886,39.63343730653628,8.684358450137044,0.19433266864730864
2024-04-10 11:25:00-04:00,63.130001068115234,63.349998474121094,63.130001068115234,63.349998474121094,63.349998474121094,4591,63.279998779296875,52.51648914578028,78.02767008627058,80.45167429526195,63.6150016784668,0.16533358480343738,60.17642385816152,5.72985599281919,62.95000076293945,0.031782071613984886,39.63343730653628,8.684358450137044,0.2008992339358981
2024-04-10 11:30:00-04:00,63.279998779296875,63.34000015258789,63.27000045776367,63.34000015258789,63.34000015258789,2941,63.34000015258789,52.194014919288065,84.03032306424953,79.05467924430752,63.625,0.015716924105006323,60.90083910167016,1.2038190325435694,62.95500183105469,0.007944508426723727,44.190379277513124,11.497720815210043,0.18880911217805046
2024-04-10 11:35:00-04:00,63.34000015258789,63.34000015258789,63.25,63.34000015258789,63.34000015258789,6433,63.36000061035156,52.19401491928808,98.33127413951253,86.79642243001088,63.625,0.015716924105006323,60.90083910167016,1.2038190325435694,63.0,0.07147671771350125,44.190379277513124,11.497720815210043,0.17892821621903449
2024-04-10 11:40:00-04:00,63.36000061035156,63.470001220703125,63.36000061035156,63.439998626708984,63.439998626708984,8471,63.470001220703125,55.37261852063531,98.33127413951253,93.5642904477582,63.625,0.015716924105006323,60.90083910167016,1.2038190325435694,63.0,0.07147671771350125,44.190379277513124,11.497720815210043,0.17403550140865448
2024-04-10 11:45:00-04:00,63.470001220703125,63.5099983215332,63.459999084472656,63.4900016784668,63.4900016784668,2094,63.43000030517578,56.91526134514786,99.16563706975629,98.60939511626044,63.625,0.015716924105006323,60.90083910167016,1.2038190325435694,63.0,0.07147671771350125,44.190379277513124,11.497720815210043,0.1636319207502109
2024-04-10 11:50:00-04:00,63.43000030517578,63.6150016784668,63.41999816894531,63.599998474121094,63.599998474121094,7412,63.61000061035156,60.17642385816152,100.0,99.16563706975627,63.625,0.015716924105006323,60.90083910167016,1.2038190325435694,63.130001068115234,0.20635090177021329,44.32065250364264,0.29479997288868925,0.16676907962733825
2024-04-10 11:55:00-04:00,63.61000061035156,63.625,63.59000015258789,63.625,63.625,4196,63.59000015258789,60.90083910167016,100.0,99.7218790232521,63.625,0.015716924105006323,60.90083910167016,1.2038190325435694,63.04499816894531,-0.1346473906727904,42.68378547664529,-3.693237654528708,0.15359215640581536
2024-04-10 12:00:00-04:00,63.59000015258789,63.6150016784668,63.290000915527344,63.470001220703125,63.470001220703125,10569,63.560001373291016,54.3054938192963,89.66282553630518,96.5542751787684,63.625,0.015716924105006323,60.90083910167016,1.2038190325435694,63.04499816894531,-0.1346473906727904,42.68378547664529,-3.693237654528708,0.17173284921249946
2024-04-10 12:05:00-04:00,63.560001373291016,63.564998626708984,63.40999984741211,63.40999984741211,63.40999984741211,3396,63.41999816894531,51.95965527702459,75.6489152480389,88.4372469281147,63.625,0.015716924105006323,60.90083910167016,1.2038190325435694,63.04499816894531,-0.1346473906727904,42.68378547664529,-3.693237654528708,0.170059442220937
2024-04-10 12:10:00-04:00,63.41999816894531,63.41999816894531,63.36000061035156,63.36000061035156,63.36000061035156,919,63.36470031738281,50.0206003109501,53.94546542237677,73.08573540224029,63.625,0.015716924105006323,60.90083910167016,1.2038190325435694,63.04499816894531,-0.1346473906727904,42.68378547664529,-3.693237654528708,0.15905325385821828
2024-04-10 12:15:00-04:00,63.36470031738281,63.380001068115234,63.13999938964844,63.20000076293945,63.20000076293945,7234,63.209999084472656,44.32065250364264,31.209170190045615,53.60118362015377,63.625,0.015716924105006323,60.90083910167016,1.2038190325435694,63.04499816894531,-0.1346473906727904,42.68378547664529,-3.693237654528708,0.16714809631907615
2024-04-10 12:20:00-04:00,63.209999084472656,63.209999084472656,63.04499816894531,63.150001525878906,63.150001525878906,5711,63.189998626708984,42.68378547664529,11.889747144978541,32.34812758580031,63.625,0.015716924105006323,60.90083910167016,1.2038190325435694,63.04499816894531,-0.1346473906727904,42.68378547664529,-3.693237654528708,0.1669333782399029
2024-04-10 12:25:00-04:00,63.189998626708984,63.22999954223633,63.119998931884766,63.150001525878906,63.150001525878906,3554,63.20000076293945,42.6837854766453,0.2598636373073636,14.45292699077718,63.6150016784668,-0.015714454276154224,58.98752740355817,-3.141683639067493,63.04499816894531,-0.1346473906727904,42.68378547664529,-3.693237654528708,0.16124010145106887
2024-04-10 12:30:00-04:00,63.20000076293945,63.224998474121094,63.119998931884766,63.224998474121094,63.224998474121094,2893,63.23500061035156,46.143909454448426,6.3312909047120325,6.160300562332651,63.720001220703125,0.16505468752014463,63.773963690085566,8.11431924206858,63.04499816894531,-0.1346473906727904,42.68378547664529,-3.693237654528708,0.1556160455295948
2024-04-10 12:35:00-04:00,63.23500061035156,63.23500061035156,63.20000076293945,63.220001220703125,63.220001220703125,3159,63.220001220703125,45.94487708187457,12.298394902161803,6.296516481393738,63.72999954223633,0.015691025332175593,63.773963690085566,8.11431924206858,63.04499816894531,-0.1346473906727904,42.68378547664529,-3.693237654528708,0.14355442571784624
2024-04-10 12:40:00-04:00,63.220001220703125,63.38999938964844,63.20000076293945,63.36000061035156,63.36000061035156,6984,63.36000061035156,52.16925471572457,29.65478603310559,16.09482394665981,63.72999954223633,0.015691025332175593,63.773963690085566,8.11431924206858,63.04499816894531,-0.1346473906727904,42.68378547664529,-3.693237654528708,0.14819884581696005
2024-04-10 12:45:00-04:00,63.36000061035156,63.540000915527344,63.35499954223633,63.5099983215332,63.5099983215332,7340,63.5099983215332,57.77885885265112,50.94426865690321,30.965816530723544,63.72999954223633,0.015691025332175593,63.773963690085566,8.11431924206858,63.04499816894531,-0.1346473906727904,42.68378547664529,-3.693237654528708,0.1518790985643656
2024-04-10 12:50:00-04:00,63.5099983215332,63.54499816894531,63.310001373291016,63.54499816894531,63.54499816894531,18984,63.56999969482422,58.98752740355817,74.80954455012237,51.80286641337707,63.72999954223633,0.015691025332175593,63.773963690085566,8.11431924206858,63.119998931884766,0.11896385933499318,42.6837854766453,1.6646666358795152e-14,0.16019086827335874
2024-04-10 12:55:00-04:00,63.56999969482422,63.720001220703125,63.560001373291016,63.69499969482422,63.69499969482422,5988,63.69499969482422,63.773963690085566,90.78648675251189,72.1800999865125,63.72999954223633,0.015691025332175593,63.773963690085566,8.11431924206858,63.119998931884766,0.11896385933499318,45.94487708187457,7.640118065473835,0.16167208662180413
2024-04-10 13:00:00-04:00,63.69499969482422,63.72999954223633,63.45000076293945,63.560001373291016,63.560001373291016,13164,63.57500076293945,57.293326042267964,86.25630452163348,83.95077860808925,63.72999954223633,0.015691025332175593,63.773963690085566,8.11431924206858,63.20000076293945,0.12674561534929774,45.94487708187457,7.640118065473835,0.17350475588931122
2024-04-10 13:05:00-04:00,63.57500076293945,63.63999938964844,63.52000045776367,63.56999969482422,63.56999969482422,8891,63.48059844970703,57.63668444930268,80.05719888360261,85.69999671924933,63.7599983215332,0.04707167662380674,63.773963690085566,8.11431924206858,63.20000076293945,0.12674561534929774,49.86401797878129,8.53009333319739,0.16815417348885667
2024-04-10 13:10:00-04:00,63.48059844970703,63.529998779296875,63.3650016784668,63.38999938964844,63.38999938964844,14625,63.279998779296875,49.86401797878129,58.072327425854894,74.79527694369699,63.7599983215332,0.04707167662380674,63.773963690085566,8.11431924206858,63.2400016784668,0.06329258709566397,49.86401797878129,8.53009333319739,0.1718385577757132
2024-04-10 13:15:00-04:00,63.279998779296875,63.435001373291016,63.2400016784668,63.435001373291016,63.435001373291016,3937,63.43000030517578,51.62062414469265,49.106539591401805,62.4120219669531,63.7599983215332,0.04707167662380674,63.773963690085566,8.11431924206858,63.2400016784668,0.06329258709566397,49.86401797878129,8.53009333319739,0.17415467148056374
2024-04-10 13:20:00-04:00,63.43000030517578,63.64500045776367,63.43000030517578,63.56999969482422,63.56999969482422,5707,63.5099983215332,56.53985742675069,47.372988533571785,51.517285183609495,63.7599983215332,0.04707167662380674,63.773963690085566,8.11431924206858,63.2400016784668,0.06329258709566397,49.86401797878129,8.53009333319739,0.17823921959129643
2024-04-10 13:25:00-04:00,63.5099983215332,63.70000076293945,63.5099983215332,63.56999969482422,63.56999969482422,7435,63.63999938964844,56.53985742675071,57.92424985279424,51.46792599258928,63.7599983215332,0.04707167662380674,57.96308746435089,-9.111674874049022,63.2400016784668,0.06329258709566397,49.86401797878129,8.53009333319739,0.1794155417727918
2024-04-10 13:30:00-04:00,63.63999938964844,63.7599983215332,63.5099983215332,63.54999923706055,63.54999923706055,8328,63.54999923706055,55.56901051287434,64.16473192020115,56.4873234355224,63.7599983215332,0.04707167662380674,58.659756158800924,1.2019178496633836,63.2400016784668,0.06329258709566397,49.86401797878129,8.53009333319739,0.18647398759551262
2024-04-10 13:35:00-04:00,63.54999923706055,63.54999923706055,63.42499923706055,63.540000915527344,63.540000915527344,6430,63.529998779296875,55.06002630645674,59.306729042469954,60.46523693848845,63.79999923706055,0.06273669476216803,62.682108177273975,6.857089565091147,63.2400016784668,0.06329258709566397,49.86401797878129,8.53009333319739,0.18032658883596137
2024-04-10 13:40:00-04:00,63.529998779296875,63.63999938964844,63.52000045776367,63.61000061035156,63.61000061035156,4216,63.599998474121094,57.96308746435089,59.87630119365651,61.11592071877587,63.79999923706055,0.06273669476216803,62.682108177273975,6.857089565091147,63.2400016784668,0.06329258709566397,51.62062414469265,3.522793062241491,0.1742938231408418
2024-04-10 13:45:00-04:00,63.599998474121094,63.60499954223633,63.45000076293945,63.529998779296875,63.529998779296875,3176,63.525001525878906,53.693976863034045,48.68900232034564,55.957344185490705,63.79999923706055,0.06273669476216803,62.682108177273975,6.857089565091147,63.42499923706055,0.2925325010811023,53.693976863034045,4.01652004929229,0.17286442556796855
2024-04-10 13:50:00-04:00,63.525001525878906,63.59000015258789,63.477500915527344,63.564998626708984,63.564998626708984,3517,63.564998626708984,55.24693444220312,44.54672478361757,51.037342765873234,63.79999923706055,0.06273669476216803,62.682108177273975,6.857089565091147,63.380001068115234,-0.07094705476798671,44.36403052522711,-17.376150702352238,0.1668279067172264
2024-04-10 13:55:00-04:00,63.564998626708984,63.7400016784668,63.564998626708984,63.64500045776367,63.64500045776367,3864,63.68000030517578,58.659756158800924,43.15524517841706,45.4636574274601,63.79999923706055,0.06273669476216803,62.682108177273975,6.857089565091147,63.31999969482422,-0.09466925257153505,42.133859332862215,-5.026980565024926,0.167645421221285
2024-04-10 14:00:00-04:00,63.68000030517578,63.79999923706055,63.67499923706055,63.75,63.75,3717,63.720001220703125,62.682108177273975,64.6941054557688,50.79869180593448,63.79999923706055,0.06273669476216803,62.682108177273975,6.857089565091147,63.31999969482422,-0.09466925257153505,42.133859332862215,-5.026980565024926,0.166380757028844
2024-04-10 14:05:00-04:00,63.720001220703125,63.720001220703125,63.61000061035156,63.685001373291016,63.685001373291016,5757,63.650001525878906,58.8639170949145,75.19882293321861,61.0160578558015,63.79999923706055,0.06273669476216803,62.682108177273975,6.857089565091147,63.2599983215332,-0.09475896017087337,42.133859332862215,-5.026980565024926,0.16374262029080336
2024-04-10 14:10:00-04:00,63.650001525878906,63.650001525878906,63.599998474121094,63.625,63.625,3457,63.65999984741211,55.50289480978166,68.78485790050023,69.55926209649589,63.79999923706055,0.06273669476216803,62.682108177273975,6.857089565091147,63.25709915161133,-0.004582943406257008,42.133859332862215,-5.026980565024926,0.1558686481787152
2024-04-10 14:15:00-04:00,63.65999984741211,63.68000030517578,63.380001068115234,63.380001068115234,63.380001068115234,5979,63.43000030517578,44.36403052522711,38.06801096587431,60.68389726653104,63.79999923706055,0.06273669476216803,62.682108177273975,6.857089565091147,63.25709915161133,-0.004582943406257008,42.133859332862215,-5.026980565024926,0.17028170706689838
2024-04-10 14:20:00-04:00,63.43000030517578,63.540000915527344,63.31999969482422,63.31999969482422,63.31999969482422,4829,63.31999969482422,42.133859332862215,14.663850708075715,40.505573191483414,63.79999923706055,0.06273669476216803,62.682108177273975,6.857089565091147,63.25709915161133,-0.004582943406257008,42.133859332862215,-5.026980565024926,0.17525365843052104
2024-04-10 14:25:00-04:00,63.31999969482422,63.404998779296875,63.31999969482422,63.37379837036133,63.37379837036133,3750,63.40999984741211,44.81266792052095,4.345558605248651,19.02580675973289,63.79999923706055,0.06273669476216803,62.682108177273975,6.857089565091147,63.25709915161133,-0.004582943406257008,42.133859332862215,-5.026980565024926,0.16622820103473457
2024-04-10 14:30:00-04:00,63.40999984741211,63.41999816894531,63.2599983215332,63.31999969482422,63.31999969482422,5275,63.31999969482422,42.68465797526046,5.2390631995149,8.082824170946422,63.720001220703125,-0.12538874187157062,58.8639170949145,-6.091357156592572,63.220001220703125,-0.05864627275950282,41.35052359272608,-1.859159717479707,0.16560536567247203
2024-04-10 14:35:00-04:00,63.31999969482422,63.36000061035156,63.25709915161133,63.345001220703125,63.345001220703125,5637,63.369998931884766,44.01518205174907,8.290941623368191,5.95852114271058,63.68000030517578,-0.06277607464066894,55.50289480978166,-5.709817577572005,63.150001525878906,-0.11072396942835779,41.35052359272608,-1.859159717479707,0.15933497497924826
2024-04-10 14:40:00-04:00,63.369998931884766,63.45000076293945,63.369998931884766,63.44499969482422,63.44499969482422,4290,63.41999816894531,49.10432094582319,15.252853654247298,9.594286159043463,63.68000030517578,-0.06277607464066894,49.10432094582319,-11.528360612338373,63.150001525878906,-0.11072396942835779,41.35052359272608,-1.859159717479707,0.15390143170495624
2024-04-10 14:45:00-04:00,63.41999816894531,63.5099983215332,63.31999969482422,63.369998931884766,63.369998931884766,5354,63.43000030517578,45.74555366875066,20.21823329424621,14.587342857287235,63.540000915527344,-0.21984828671091988,49.10432094582319,-11.528360612338373,63.150001525878906,-0.11072396942835779,41.35052359272608,-1.859159717479707,0.15751115120535905
2024-04-10 14:50:00-04:00,63.43000030517578,63.45000076293945,63.33000183105469,63.400001525878906,63.400001525878906,5982,63.404998779296875,47.29851577013172,25.544451509147088,20.338512819213534,64.29000091552734,1.1803588120766326,51.99632381521167,5.889507916379141,63.150001525878906,-0.11072396942835779,41.35052359272608,-1.859159717479707,0.1537599292732997
2024-04-10 14:55:00-04:00,63.404998779296875,63.404998779296875,63.220001220703125,63.2599983215332,63.2599983215332,4394,63.25,41.35052359272608,14.23698087301931,19.999888558804205,64.29000091552734,1.1803588120766326,56.6164487001999,8.885483714978722,63.150001525878906,-0.11072396942835779,41.35052359272608,-1.859159717479707,0.15688369220534473
2024-04-10 15:00:00-04:00,63.25,63.31999969482422,63.150001525878906,63.290000915527344,63.290000915527344,8531,63.27069854736328,43.00464673714461,10.962875932985511,16.91476943838397,64.29000091552734,1.1803588120766326,56.6164487001999,8.885483714978722,63.150001525878906,-0.11072396942835779,41.35052359272608,-1.859159717479707,0.1581951398793415
2024-04-10 15:05:00-04:00,63.27069854736328,63.349998474121094,63.189998626708984,63.34000015258789,63.34000015258789,8965,63.34000015258789,45.750568422713265,9.46041295464943,11.553423253551417,64.29000091552734,1.1803588120766326,56.6164487001999,8.885483714978722,63.150001525878906,-0.11072396942835779,41.35052359272608,-1.859159717479707,0.1583756106326183
2024-04-10 15:10:00-04:00,63.34000015258789,63.38999938964844,63.310001373291016,63.38999938964844,63.38999938964844,4333,63.40999984741211,48.42641202843041,22.92798837498921,14.45042575420805,64.29000091552734,1.1803588120766326,56.6164487001999,8.885483714978722,63.150001525878906,-0.11072396942835779,41.35052359272608,-1.859159717479707,0.15053785120509863
2024-04-10 15:15:00-04:00,63.40999984741211,64.29000091552734,63.400001525878906,63.459999084472656,63.459999084472656,6380,63.55500030517578,51.99632381521167,45.41745296354482,25.935284764394485,64.29000091552734,1.1803588120766326,56.6164487001999,8.885483714978722,63.150001525878906,-0.11072396942835779,41.35052359272608,-1.859159717479707,0.2254842186724794
2024-04-10 15:20:00-04:00,63.55500030517578,63.560001373291016,63.4900016784668,63.560001373291016,63.560001373291016,4760,63.56999969482422,56.6164487001999,71.87515263646006,46.740197991664694,64.29000091552734,1.1803588120766326,56.6164487001999,8.885483714978722,62.75,-0.6334149108689814,30.9850145929644,-25.067418980844682,0.21293602568706738
2024-04-10 15:25:00-04:00,63.56999969482422,63.56999969482422,63.47999954223633,63.47999954223633,63.47999954223633,8814,63.45000076293945,52.281334409565694,82.2751357162559,66.5225804387536,64.29000091552734,1.1803588120766326,56.6164487001999,8.885483714978722,62.73500061035156,-0.023903409798306772,30.9850145929644,-25.067418980844682,0.20064243837714973
2024-04-10 15:30:00-04:00,63.45000076293945,63.4900016784668,63.400001525878906,63.470001220703125,63.470001220703125,6666,63.5,51.74804406372247,79.90400437069738,78.01809757447113,64.29000091552734,1.1803588120766326,56.6164487001999,8.885483714978722,62.73500061035156,-0.023903409798306772,30.9850145929644,-25.067418980844682,0.18957820979822382
2024-04-10 15:35:00-04:00,63.5,63.61000061035156,63.42499923706055,63.459999084472656,63.459999084472656,19206,63.459999084472656,51.18555405031056,68.04557978204599,76.74157328966642,64.29000091552734,1.1803588120766326,56.6164487001999,8.885483714978722,62.73500061035156,-0.023903409798306772,30.9850145929644,-25.067418980844682,0.189120526147503
2024-04-10 15:40:00-04:00,63.459999084472656,63.59000015258789,63.459999084472656,63.5,63.5,26747,63.41999816894531,53.36859185467957,70.41961965070657,72.78973460114999,64.29000091552734,1.1803588120766326,56.6164487001999,8.885483714978722,62.73500061035156,-0.023903409798306772,30.9850145929644,-25.067418980844682,0.18320858034427615
2024-04-10 15:45:00-04:00,63.41999816894531,63.41999816894531,62.75,62.900001525878906,62.900001525878906,188255,62.915000915527344,30.9850145929644,47.716507113478116,62.060568848743564,63.7400016784668,-0.8554973234223595,56.6164487001999,8.885483714978722,62.73500061035156,-0.023903409798306772,30.9850145929644,-25.067418980844682,0.2398877223098485
2024-04-10 15:50:00-04:00,62.915000915527344,63.279998779296875,62.73500061035156,63.25,63.25,33106,63.25,45.37698107173746,44.958156090538246,54.36476095157431,63.7400016784668,-0.8554973234223595,56.480549257679655,-0.2400352647335303,62.73500061035156,-0.023903409798306772,30.9850145929644,-25.067418980844682,0.2703987669733949
2024-04-10 15:55:00-04:00,63.25,63.2599983215332,63.154998779296875,63.220001220703125,63.220001220703125,67367,63.22999954223633,44.520033338271304,36.31866650826798,42.99777657076145,63.7400016784668,-0.8554973234223595,56.480549257679655,-0.2400352647335303,62.73500061035156,-0.023903409798306772,30.9850145929644,-25.067418980844682,0.2538588444996882
2024-04-11 09:30:00-04:00,63.22999954223633,63.630001068115234,63.22999954223633,63.40999984741211,63.40999984741211,13374,63.720001220703125,50.85093487916508,62.15402710896196,47.810283235922725,63.7400016784668,-0.8554973234223595,56.480549257679655,-0.2400352647335303,62.71500015258789,-0.03188086007665027,30.9850145929644,-25.067418980844682,0.2694729447909303
2024-04-11 09:35:00-04:00,63.720001220703125,63.7400016784668,63.4900016784668,63.61000061035156,63.61000061035156,2563,63.470001220703125,56.480549257679655,76.594067333903,58.355586983710985,63.7400016784668,-0.8554973234223595,56.480549257679655,-0.2400352647335303,62.70000076293945,-0.02391674975993532,30.9850145929644,-25.067418980844682,0.275525833417306
2024-04-11 09:40:00-04:00,63.470001220703125,63.470001220703125,63.290000915527344,63.33000183105469,63.33000183105469,838,63.31999969482422,48.16315181711801,81.33189363422471,73.35999602569656,63.7400016784668,-0.8554973234223595,56.480549257679655,-0.2400352647335303,62.70000076293945,-0.02391674975993532,30.9850145929644,-25.067418980844682,0.27997321955799725
2024-04-11 09:45:00-04:00,63.31999969482422,63.31999969482422,63.060001373291016,63.060001373291016,63.060001373291016,1358,63.179901123046875,41.77470886782852,69.52838448296941,75.8181151503657,63.7400016784668,-0.8554973234223595,56.480549257679655,-0.2400352647335303,62.650001525878906,-0.07974359880725916,34.675434598175066,11.91033812212123,0.2789759433785647
2024-04-11 09:50:00-04:00,63.179901123046875,63.179901123046875,62.900001525878906,62.900001525878906,62.900001525878906,3171,62.904998779296875,38.51450891189476,46.16379204461229,65.67469005393548,63.7400016784668,-0.8554973234223595,56.480549257679655,-0.2400352647335303,62.599998474121094,-0.07981332887463329,34.675434598175066,11.91033812212123,0.2790683087575051
2024-04-11 09:55:00-04:00,62.904998779296875,62.904998779296875,62.71500015258789,62.84000015258789,62.84000015258789,4746,62.90999984741211,37.33770335202966,32.08544275444333,49.259206427341674,63.7400016784668,-0.8554973234223595,56.480549257679655,-0.2400352647335303,62.529998779296875,-0.11182060148636697,32.3210459592391,-6.78978840847715,0.270161340552653
2024-04-11 10:00:00-04:00,62.90999984741211,62.97999954223633,62.70000076293945,62.70000076293945,62.70000076293945,4474,62.78499984741211,34.675434598175066,22.87851464124421,33.709249813433274,63.7400016784668,-0.8554973234223595,56.480549257679655,-0.2400352647335303,62.25,-0.4477831197232969,28.013571964972733,-13.3271491266051,0.2711450844270752
2024-04-11 10:05:00-04:00,62.78499984741211,62.78499984741211,62.709999084472656,62.709999084472656,62.709999084472656,3994,62.689998626708984,35.031714513200036,18.377239416283068,24.4470656039902,63.470001220703125,-0.4235965651925701,48.16315181711801,-14.726127047057224,62.2400016784668,-0.016061560695908635,28.013571964972733,-13.3271491266051,0.2525304844316333
2024-04-11 10:10:00-04:00,62.689998626708984,62.779998779296875,62.650001525878906,62.77000045776367,62.77000045776367,5650,62.720001220703125,37.24374252337193,18.29843021521134,19.851394757579538,63.31999969482422,-0.23633452496291685,44.600794953361735,-7.396436340551441,62.2400016784668,-0.016061560695908635,28.013571964972733,-13.3271491266051,0.24027716133026683
2024-04-11 10:15:00-04:00,62.720001220703125,62.77000045776367,62.599998474121094,62.650001525878906,62.650001525878906,4755,62.63999938964844,34.699200881643876,18.32950269356406,18.335057441686157,63.179901123046875,-0.2212548522624131,44.88316302809071,0.6331009907429808,62.2400016784668,-0.016061560695908635,28.013571964972733,-13.3271491266051,0.23324964356149797
2024-04-11 10:20:00-04:00,62.63999938964844,62.63999938964844,62.529998779296875,62.529998779296875,62.529998779296875,2430,62.56999969482422,32.3210459592391,14.785524516459466,17.137819141744956,62.97999954223633,-0.3164005914178717,45.77629904976518,1.989913280210408,62.2400016784668,-0.016061560695908635,28.013571964972733,-13.3271491266051,0.22192495386355132
2024-04-11 10:25:00-04:00,62.56999969482422,62.599998474121094,62.25,62.279998779296875,62.279998779296875,15377,62.290000915527344,28.013571964972733,6.602747920852521,13.239258376958682,62.97999954223633,-0.3164005914178717,47.009089029889786,2.693074813200591,62.2400016784668,-0.016061560695908635,28.013571964972733,-13.3271491266051,0.23473230588930555
2024-04-11 10:30:00-04:00,62.290000915527344,62.64500045776367,62.2400016784668,62.63999938964844,62.63999938964844,27050,62.73500061035156,40.34308585322731,16.183964461097954,12.524078966136647,62.93450164794922,-0.07224181425501136,47.009089029889786,2.693074813200591,62.2400016784668,-0.016061560695908635,28.013571964972733,-13.3271491266051,0.2517589532300625
2024-04-11 10:35:00-04:00,62.73500061035156,62.790000915527344,62.63999938964844,62.790000915527344,62.790000915527344,7570,62.83000183105469,44.600794953361735,33.85997815329678,18.88223017841575,62.939998626708984,0.008734443931113181,47.009089029889786,2.693074813200591,62.2400016784668,-0.016061560695908635,28.013571964972733,-13.3271491266051,0.24158321049494685
2024-04-11 10:40:00-04:00,62.83000183105469,62.83259963989258,62.689998626708984,62.79999923706055,62.79999923706055,3328,62.84000015258789,44.88316302809071,53.61338211754541,34.55244157731338,62.939998626708984,0.008734443931113181,47.009089029889786,2.693074813200591,62.2400016784668,-0.016061560695908635,28.013571964972733,-13.3271491266051,0.23168499076381152
2024-04-11 10:45:00-04:00,62.84000015258789,62.86000061035156,62.810001373291016,62.83000183105469,62.83000183105469,3012,62.79499816894531,45.77629904976518,68.56094637696434,52.01143554926884,62.939998626708984,0.008734443931113181,48.5308944634545,3.237257868573258,62.2400016784668,-0.016061560695908635,28.013571964972733,-13.3271491266051,0.21451662901653196
2024-04-11 10:50:00-04:00,62.79499816894531,62.88999938964844,62.75,62.869998931884766,62.869998931884766,11054,62.93450164794922,47.009089029889786,82.47151391183856,68.21528080211611,63.060001373291016,0.1906621372741933,53.544395713039215,10.330535435237154,62.2400016784668,-0.016061560695908635,28.013571964972733,-13.3271491266051,0.2070649050797225
2024-04-11 10:55:00-04:00,62.93450164794922,62.93450164794922,62.84000015258789,62.869998931884766,62.869998931884766,2636,62.84000015258789,47.009089029889786,96.05144328092327,82.36130118990872,63.119998931884766,0.09514360495900955,55.30273142394615,3.2838837519623763,62.2400016784668,-0.016061560695908635,40.34308585322731,44.012644669772925,0.19580856410788305
2024-04-11 11:00:00-04:00,62.84000015258789,62.939998626708984,62.83000183105469,62.849998474121094,62.849998474121094,3221,62.75,46.39733927334848,98.92650152761365,92.48315290679182,63.130001068115234,0.015846223700451013,55.30273142394615,3.2838837519623763,62.63999938964844,0.6426698271122123,42.798651384899,6.086707250420355,0.18722738726252444
2024-04-11 11:05:00-04:00,62.75,62.81999969482422,62.720001220703125,62.72999954223633,62.72999954223633,3640,62.810001373291016,42.798651384899,91.53802555088427,95.5053234531404,63.13999938964844,0.015837670464182725,55.30273142394615,3.2838837519623763,62.689998626708984,0.07981998331374424,42.798651384899,6.086707250420355,0.1815043738780689
2024-04-11 11:10:00-04:00,62.810001373291016,62.88999938964844,62.79999923706055,62.88999938964844,62.88999938964844,3576,62.939998626708984,48.5308944634545,91.53802555088427,94.00085087646073,63.150001525878906,0.015841204192517878,55.65128300173207,0.6302610536791604,62.720001220703125,0.047858661112425135,42.798651384899,6.086707250420355,0.17935392123147292
2024-04-11 11:15:00-04:00,62.939998626708984,63.060001373291016,62.90999984741211,63.04999923706055,63.04999923706055,4425,63.064998626708984,53.544395713039215,92.61152402327059,91.89585837501305,63.150001525878906,0.015841204192517878,55.65128300173207,0.6302610536791604,62.720001220703125,0.047858661112425135,42.798651384899,6.086707250420355,0.17841872747258344
2024-04-11 11:20:00-04:00,63.064998626708984,63.119998931884766,63.04999923706055,63.11000061035156,63.11000061035156,3742,63.130001068115234,55.30273142394615,100.0,94.7165165247183,63.150001525878906,0.015841204192517878,55.65128300173207,0.6302610536791604,62.720001220703125,0.047858661112425135,42.798651384899,6.086707250420355,0.16757682420774697
2024-04-11 11:25:00-04:00,63.130001068115234,63.130001068115234,63.040000915527344,63.040000915527344,63.040000915527344,5583,63.06999969482422,52.79226941228854,96.93350514584145,96.51500972303734,63.150001525878906,0.015841204192517878,55.65128300173207,0.6302610536791604,62.720001220703125,0.047858661112425135,42.798651384899,6.086707250420355,0.15981915704576133
2024-04-11 11:30:00-04:00,63.06999969482422,63.13999938964844,63.06999969482422,63.099998474121094,63.099998474121094,3363,63.060001373291016,54.6907915374715,96.18602898240417,97.70651137608188,63.15999984741211,0.01583265446019951,55.966488836815664,0.5663945520784947,62.720001220703125,0.047858661112425135,42.798651384899,6.086707250420355,0.15383708875329458
2024-04-11 11:35:00-04:00,63.060001373291016,63.150001525878906,63.060001373291016,63.130001068115234,63.130001068115234,4477,63.099998474121094,55.65128300173207,96.18602898240417,96.43518770354994,63.165000915527344,0.007918093931786618,55.966488836815664,0.5663945520784947,62.79999923706055,0.12754785523029533,47.79084575869124,11.66437308712413,0.14745339513675418
2024-04-11 11:40:00-04:00,63.099998474121094,63.10499954223633,63.0,63.0,63.0,8482,63.005001068115234,50.64184135755539,86.2605239786871,92.87752731449848,63.165000915527344,0.007918093931786618,55.966488836815664,0.5663945520784947,62.849998474121094,0.07961662049040363,47.79084575869124,11.66437308712413,0.14570816243460222
2024-04-11 11:45:00-04:00,63.005001068115234,63.005001068115234,62.900001525878906,62.91999816894531,62.91999816894531,3986,62.915000915527344,47.79084575869124,66.62193582632561,83.02282959580562,63.165000915527344,0.007918093931786618,55.966488836815664,0.5663945520784947,62.849998474121094,0.07961662049040363,47.79084575869124,11.66437308712413,0.1416373004147748
2024-04-11 11:50:00-04:00,62.915000915527344,63.095001220703125,62.849998474121094,63.025001525878906,63.025001525878906,30989,63.04999923706055,51.63914609654141,56.21644838789843,69.69963606430372,63.165000915527344,0.007918093931786618,55.966488836815664,0.5663945520784947,62.849998474121094,0.07961662049040363,47.79084575869124,11.66437308712413,0.15197384503150044
2024-04-11 11:55:00-04:00,63.04999923706055,63.15999984741211,63.03499984741211,63.154998779296875,63.154998779296875,8927,63.165000915527344,55.966488836815664,69.20844824577402,64.01561081999935,63.165000915527344,0.007918093931786618,55.966488836815664,0.5663945520784947,62.849998474121094,0.07961662049040363,47.71060226352567,-0.1679055766678398,0.1502762926816707
2024-04-11 12:00:00-04:00,63.165000915527344,63.165000915527344,63.05500030517578,63.05500030517578,63.05500030517578,6868,63.029998779296875,52.1042066500143,79.81745235482592,68.41411632949945,63.165000915527344,0.007918093931786618,55.966488836815664,0.5663945520784947,62.7599983215332,-0.1431983369497595,41.75063435946151,-12.49191504887061,0.14624872444865988
2024-04-11 12:05:00-04:00,63.029998779296875,63.029998779296875,62.900001525878906,62.95000076293945,62.95000076293945,3931,62.9900016784668,48.332532162083034,70.8981855638448,73.30802872148159,63.165000915527344,0.007918093931786618,55.966488836815664,0.5663945520784947,62.720001220703125,-0.06373024521951742,40.53880920139634,-2.9025311271481176,0.14712372993348138
2024-04-11 12:10:00-04:00,62.9900016784668,63.04999923706055,62.970001220703125,63.04499816894531,63.04499816894531,4916,62.9900016784668,51.73652786546118,60.19037575376651,70.30200455747907,63.165000915527344,0.007918093931786618,55.966488836815664,0.5663945520784947,62.709999084472656,-0.015947283220344013,40.53880920139634,-2.9025311271481176,0.1424112043522426
2024-04-11 12:15:00-04:00,62.9900016784668,63.04999923706055,62.959999084472656,63.04999923706055,63.04999923706055,8393,62.970001220703125,51.91612812633449,53.45350275763696,61.514021358416095,63.165000915527344,0.007918093931786618,55.966488836815664,0.5663945520784947,62.709999084472656,-0.015947283220344013,40.53880920139634,-2.9025311271481176,0.13717009917580741
2024-04-11 12:20:00-04:00,62.970001220703125,63.01499938964844,62.939998626708984,62.939998626708984,62.939998626708984,3033,62.935001373291016,47.71060226352567,39.44492365371193,51.02960072170513,63.165000915527344,0.007918093931786618,55.966488836815664,0.5663945520784947,62.709999084472656,-0.015947283220344013,40.53880920139634,-2.9025311271481176,0.13445315029338292
2024-04-11 12:25:00-04:00,62.935001373291016,62.935001373291016,62.7599983215332,62.7599983215332,62.7599983215332,4050,62.75,41.75063435946151,16.819400130456895,36.57260884726859,63.165000915527344,0.007918093931786618,52.1042066500143,-6.901062166080882,62.709999084472656,-0.015947283220344013,40.53880920139634,-2.9025311271481176,0.13900786578162277
2024-04-11 12:30:00-04:00,62.75,62.79999923706055,62.720001220703125,62.720001220703125,62.720001220703125,8558,62.720001220703125,40.53880920139634,0.0,18.754774594722935,63.04999923706055,-0.1820655058971541,51.91612812633449,-0.36096610191790446,62.709999084472656,-0.015947283220344013,40.53880920139634,-2.9025311271481176,0.1331068808392027
2024-04-11 12:35:00-04:00,62.720001220703125,62.80440139770508,62.709999084472656,62.76499938964844,62.76499938964844,6465,62.779998779296875,42.55880903716243,4.364449447361073,7.061283192605984,63.04999923706055,-0.1820655058971541,51.91612812633449,-0.36096610191790446,62.709999084472656,-0.015947283220344013,40.53880920139634,-2.9025311271481176,0.1292364240785246
2024-04-11 12:40:00-04:00,62.779998779296875,62.875,62.779998779296875,62.86000061035156,62.86000061035156,7989,62.849998474121094,46.67739484220787,17.627592460171158,7.330680635844072,63.04999923706055,-0.1820655058971541,51.91612812633449,-0.36096610191790446,62.709999084472656,-0.015947283220344013,40.53880920139634,-2.9025311271481176,0.12731284270582838
2024-04-11 12:45:00-04:00,62.849998474121094,62.95500183105469,62.849998474121094,62.92499923706055,62.92499923706055,9248,62.91999816894531,49.3530939930707,36.67190113127394,19.554647679602052,63.01499938964844,-0.055511257471255605,51.17967422990579,-1.4185454944494071,62.709999084472656,-0.015947283220344013,40.53880920139634,-2.9025311271481176,0.1250818941286049
2024-04-11 12:50:00-04:00,62.91999816894531,62.97999954223633,62.91999816894531,62.970001220703125,62.970001220703125,2400,62.9900016784668,51.17967422990579,55.298303797278926,36.53259912957467,63.0,-0.023802887873869392,51.17967422990579,-1.4185454944494071,62.709999084472656,-0.015947283220344013,40.53880920139634,-2.9025311271481176,0.11857384204484597
2024-04-11 12:55:00-04:00,62.9900016784668,63.0,62.83000183105469,62.8650016784668,62.8650016784668,6229,62.86000061035156,46.927117240775736,55.83785868492072,49.26935453782452,63.0,-0.023802887873869392,51.17967422990579,-1.4185454944494071,62.709999084472656,-0.015947283220344013,40.53880920139634,-2.9025311271481176,0.12371627473489262
2024-04-11 13:00:00-04:00,62.86000061035156,62.86000061035156,62.779998779296875,62.84000015258789,62.84000015258789,3845,62.869998931884766,45.94811404761582,48.48099529409766,53.20571925876576,63.0,-0.023802887873869392,51.17967422990579,-1.4185454944494071,62.709999084472656,-0.015947283220344013,42.55880903716243,4.982879062211119,0.11984493717839555
2024-04-11 13:05:00-04:00,62.869998931884766,62.904998779296875,62.75,62.79999923706055,62.79999923706055,7320,62.78499984741211,44.35378124307349,36.48550544887117,46.934786475963186,63.0,-0.023802887873869392,51.17967422990579,-1.4185454944494071,62.71500015258789,0.007974913392197238,43.73522441840312,2.7642112358300235,0.12336032139024349
2024-04-11 13:10:00-04:00,62.78499984741211,62.834999084472656,62.775001525878906,62.790000915527344,62.790000915527344,4286,62.78499984741211,43.94334448342235,32.6574342728331,39.20797833860064,63.0,-0.023802887873869392,51.17967422990579,-1.4185454944494071,62.71500015258789,0.007974913392197238,43.73522441840312,2.7642112358300235,0.11702404511059414
2024-04-11 13:15:00-04:00,62.78499984741211,62.869998931884766,62.71500015258789,62.869998931884766,62.869998931884766,11004,62.85499954223633,48.08298048279181,43.072944680585366,37.40529480076321,63.0,-0.023802887873869392,51.17967422990579,-1.4185454944494071,62.71500015258789,0.007974913392197238,43.73522441840312,2.7642112358300235,0.12082151852922222
2024-04-11 13:20:00-04:00,62.85499954223633,62.85499954223633,62.7599983215332,62.77000045776367,62.77000045776367,12099,62.82500076293945,43.73522441840312,41.44245779329525,39.05761224890456,63.0,-0.023802887873869392,48.69674460850206,-4.851397862069402,62.71500015258789,0.007974913392197238,43.73522441840312,2.7642112358300235,0.11973942771145625
2024-04-11 13:25:00-04:00,62.82500076293945,62.82500076293945,62.790000915527344,62.80500030517578,62.80500030517578,1796,62.81999969482422,45.58966387626443,47.290024287620795,43.935142253833796,62.91999816894531,-0.1269870334201389,52.689910708278894,8.200067852337837,62.71500015258789,0.007974913392197238,43.73522441840312,2.7642112358300235,0.11326551545788874
2024-04-11 13:30:00-04:00,62.81999969482422,62.81999969482422,62.779998779296875,62.779998779296875,62.779998779296875,2859,62.790000915527344,44.462328035661635,37.47779503881858,42.07009237324487,62.939998626708984,0.03178712388066036,52.689910708278894,8.200067852337837,62.71500015258789,0.007974913392197238,43.73522441840312,2.7642112358300235,0.10593905546483424
2024-04-11 13:35:00-04:00,62.790000915527344,62.79499816894531,62.75,62.77000045776367,62.77000045776367,6986,62.75,43.99381271922573,38.935985604119786,41.23460164351971,62.95000076293945,0.01589154186321237,53.16354966327586,0.8989177408542163,62.71500015258789,0.007974913392197238,43.73522441840312,2.7642112358300235,0.09984496681288207
2024-04-11 13:40:00-04:00,62.75,62.85499954223633,62.75,62.84000015258789,62.84000015258789,15104,62.849998474121094,48.115921367840116,44.600855870050154,40.338212170996165,63.04999923706055,0.15885380922817374,56.92775850688696,7.080431738385838,62.71500015258789,0.007974913392197238,43.73522441840312,2.7642112358300235,0.10036042435522667
2024-04-11 13:45:00-04:00,62.849998474121094,62.875,62.79999923706055,62.849998474121094,62.849998474121094,3299,62.849998474121094,48.69674460850206,54.525875459639174,46.02090564460303,63.04999923706055,0.15885380922817374,56.92775850688696,7.080431738385838,62.75,0.05580777697034755,43.73522441840312,2.7642112358300235,0.09782445821364931
2024-04-11 13:50:00-04:00,62.849998474121094,62.91999816894531,62.79999923706055,62.91999816894531,62.91999816894531,4512,62.93000030517578,52.689910708278894,77.03614284682182,58.720958058837034,63.08000183105469,0.04758539945628614,59.61639111931662,4.722885079173448,62.75,0.05580777697034755,43.99381271922573,0.5912586576640476,0.10004190558076094
2024-04-11 13:55:00-04:00,62.93000030517578,62.939998626708984,62.869998931884766,62.880001068115234,62.880001068115234,3484,62.91999816894531,50.28167369617279,79.91788122318111,70.49329984321402,63.08000183105469,0.04758539945628614,59.61639111931662,4.722885079173448,62.75,0.05580777697034755,43.99381271922573,0.5912586576640476,0.09703768450510672
2024-04-11 14:00:00-04:00,62.91999816894531,62.95000076293945,62.91999816894531,62.93000030517578,62.93000030517578,4871,62.97999954223633,53.16354966327586,91.03546852769566,82.66316419923287,63.08000183105469,0.04758539945628614,59.61639111931662,4.722885079173448,62.75,0.05580777697034755,43.99381271922573,0.5912586576640476,0.09433388553701792
2024-04-11 14:05:00-04:00,62.97999954223633,63.04999923706055,62.939998626708984,63.0,63.0,7393,62.97999954223633,56.92775850688696,91.03546852769566,87.32960609285747,63.08000183105469,0.04758539945628614,59.943456892013444,0.5486171949627665,62.75,0.05580777697034755,48.115921367840116,9.36974632074338,0.0969003901717927
2024-04-11 14:10:00-04:00,62.97999954223633,63.029998779296875,62.97999954223633,63.0,63.0,2002,63.029998779296875,56.92775850688696,100.0,94.02364568513043,63.08000183105469,0.04758539945628614,59.943456892013444,0.5486171949627665,62.79999923706055,0.07968005906063247,48.69674460850206,1.2071331570721102,0.0922102748606681
2024-04-11 14:15:00-04:00,63.029998779296875,63.08000183105469,63.02000045776367,63.04999923706055,63.04999923706055,4390,63.08000183105469,59.61639111931662,100.0,97.01182284256521,63.09000015258789,0.015850223910870098,60.87851119760897,1.5598938634453534,62.79999923706055,0.07968005906063247,50.28167369617279,3.2546920752357935,0.09098943048007005
2024-04-11 14:20:00-04:00,63.08000183105469,63.08000183105469,62.939998626708984,63.002498626708984,63.002498626708984,9051,62.9900016784668,56.03761811823266,92.48843390312099,97.49614463437365,63.11000061035156,0.03170147046330523,60.87851119760897,1.5598938634453534,62.869998931884766,0.11146448355832049,50.28167369617279,3.2546920752357935,0.09589080786663336
2024-04-11 14:25:00-04:00,62.9900016784668,63.04999923706055,62.97999954223633,63.0,63.0,9081,63.0,55.847702512595376,84.57824972564815,92.35556120958971,63.18000030517578,0.11091696109528655,62.43018129096948,2.5487977002654576,62.91999816894531,0.07952797504373675,53.16354966327586,5.731463881884317,0.0933016965623919
2024-04-11 14:30:00-04:00,63.0,63.06999969482422,63.0,63.06999969482422,63.06999969482422,2345,63.04999923706055,59.943456892013444,84.57824972564815,87.21497778480575,63.18000030517578,0.11091696109528655,62.43018129096948,2.5487977002654576,62.939998626708984,0.03178712388066036,55.847702512595376,5.04885935254558,0.09097149638857457
2024-04-11 14:35:00-04:00,63.04999923706055,63.07500076293945,63.04999923706055,63.060001373291016,63.060001373291016,2378,63.064998626708984,59.10015159612018,90.32738299172235,86.4946274810062,63.18000030517578,0.11091696109528655,62.43018129096948,2.5487977002654576,62.939998626708984,0.03178712388066036,54.02375383140799,-3.2659332418840905,0.08437449933760774
2024-04-11 14:40:00-04:00,63.064998626708984,63.09000015258789,62.9900016784668,63.09000015258789,63.09000015258789,13843,63.11000061035156,60.87851119760897,98.23756716919517,91.04773329552188,63.18000030517578,0.11091696109528655,62.43018129096948,2.5487977002654576,62.939998626708984,0.03178712388066036,54.02375383140799,-3.2659332418840905,0.08593689681595634
2024-04-11 14:45:00-04:00,63.11000061035156,63.11000061035156,63.08000183105469,63.08000183105469,63.08000183105469,1973,63.11000061035156,59.94300939674336,95.79422347656538,94.78639121249428,63.18000030517578,0.11091696109528655,62.43018129096948,2.5487977002654576,62.939998626708984,0.03178712388066036,53.73190134665664,-0.5402299248995724,0.08034308506404822
2024-04-11 14:50:00-04:00,63.11000061035156,63.18000030517578,63.099998474121094,63.119998931884766,63.119998931884766,13704,63.13999938964844,62.43018129096948,97.55665630737018,97.1961489843769,63.18000030517578,0.11091696109528655,62.43018129096948,2.5487977002654576,62.97999954223633,0.06355404575806442,53.73190134665664,-0.5402299248995724,0.08230862396975278
2024-04-11 14:55:00-04:00,63.13999938964844,63.13999938964844,63.06999969482422,63.06999969482422,63.06999969482422,4053,63.084999084472656,57.614284165753325,84.34269542195013,92.56452506862854,63.18000030517578,0.11091696109528655,62.43018129096948,2.5487977002654576,62.9900016784668,0.015881448560127423,53.73190134665664,-0.5402299248995724,0.08107773105519937
2024-04-11 15:00:00-04:00,63.084999084472656,63.084999084472656,62.994998931884766,63.029998779296875,63.029998779296875,5374,63.040000915527344,54.02375383140799,63.72030478750359,81.87321883894128,63.18000030517578,0.11091696109528655,62.43018129096948,2.5487977002654576,62.9900016784668,0.015881448560127423,53.243842134200136,-0.9083229891824292,0.0819699732084685
2024-04-11 15:05:00-04:00,63.040000915527344,63.04999923706055,63.02000045776367,63.04499816894531,63.04499816894531,2966,63.029998779296875,55.152395346539926,37.54111966814242,61.868039959198704,63.18000030517578,0.11091696109528655,62.43018129096948,2.5487977002654576,62.9900016784668,0.015881448560127423,53.243842134200136,-0.9083229891824292,0.07677285381730914
2024-04-11 15:10:00-04:00,63.029998779296875,63.040000915527344,62.994998931884766,63.029998779296875,63.029998779296875,8548,63.02000045776367,53.73190134665664,17.421747220229125,39.561057225291705,63.18000030517578,0.11091696109528655,62.43018129096948,2.5487977002654576,62.994998931884766,0.00793340734213231,50.78995794710654,-4.608766176018307,0.07409549214163291
2024-04-11 15:15:00-04:00,63.02000045776367,63.09000015258789,63.02000045776367,63.040000915527344,63.040000915527344,7425,63.02000045776367,54.5721371662883,10.374079146719469,21.778982011696996,63.18000030517578,0.11091696109528655,62.43018129096948,2.5487977002654576,62.91999816894531,-0.11905828115109575,44.697376519523814,-11.995641803695984,0.0736859124098915
2024-04-11 15:20:00-04:00,63.02000045776367,63.06700134277344,63.002201080322266,63.04999923706055,63.04999923706055,4078,63.055999755859375,55.44320602955728,9.7779504257067,12.524592264218422,63.13999938964844,-0.06331262319425286,57.614284165753325,-7.714052763631447,62.7599983215332,-0.25429092827132127,36.45551617395665,-18.43924853613526,0.07279734741401954
2024-04-11 15:25:00-04:00,63.055999755859375,63.060001373291016,63.0,63.029998779296875,63.029998779296875,6222,63.029998779296875,53.243842134200136,9.7779504257067,9.976659999377615,63.09000015258789,-0.07918789601500069,55.44320602955728,-3.768298378835992,62.58000183105469,-0.28680129906370333,26.450696581655265,-27.44391149081768,0.07151775000171914
2024-04-11 15:30:00-04:00,63.029998779296875,63.04999923706055,63.0099983215332,63.040000915527344,63.040000915527344,5273,63.04999923706055,54.221854760233846,10.10681301249401,9.887571287969129,63.09000015258789,-0.07918789601500069,55.44320602955728,-3.768298378835992,62.58000183105469,-0.28680129906370333,26.450696581655265,-27.44391149081768,0.0683660665542816
2024-04-11 15:35:00-04:00,63.04999923706055,63.084999084472656,63.0099983215332,63.0099983215332,63.0099983215332,11752,63.0099983215332,50.78995794710654,3.5487935195346187,7.811185652578434,63.09000015258789,-0.07918789601500069,55.44320602955728,-3.768298378835992,62.5,-0.12783929164889765,26.450696581655265,-27.44391149081768,0.06902953619279875
2024-04-11 15:40:00-04:00,63.0099983215332,63.0099983215332,62.91999816894531,62.95000076293945,62.95000076293945,12516,62.939998626708984,44.697376519523814,3.5487935195346187,5.73480001718774,63.09000015258789,-0.07918789601500069,55.44320602955728,-3.768298378835992,62.5,-0.12783929164889765,26.450696581655265,-27.44391149081768,0.07112659783230793
2024-04-11 15:45:00-04:00,62.939998626708984,62.959999084472656,62.7599983215332,62.845001220703125,62.845001220703125,19999,62.84000015258789,36.45551617395665,0.0,2.365862346356403,63.084999084472656,-0.007926879225136975,55.44320602955728,-3.768298378835992,62.27349853515625,-0.36240234375,26.450696581655265,-27.44391149081768,0.08401401434302244
2024-04-11 15:50:00-04:00,62.84000015258789,62.84000015258789,62.58000183105469,62.64500045776367,62.64500045776367,29185,62.65999984741211,26.450696581655265,0.0,1.1829311731781968,63.084999084472656,-0.007926879225136975,54.221854760233846,-2.2028871647002544,62.27349853515625,-0.36240234375,26.450696581655265,-27.44391149081768,0.10211255187356394
2024-04-11 15:55:00-04:00,62.65999984741211,62.88999938964844,62.65999984741211,62.869998931884766,62.869998931884766,74988,62.880001068115234,44.80311122570746,17.002665817595012,5.667555272531661,63.084999084472656,-0.007926879225136975,54.221854760233846,-2.2028871647002544,62.27349853515625,-0.36240234375,26.450696581655265,-27.44391149081768,0.1164011898746841
2024-04-12 09:30:00-04:00,62.880001068115234,62.880001068115234,62.5,62.790000915527344,62.790000915527344,11086,62.689998626708984,40.8958026202585,32.45350354032903,16.48538978597467,63.084999084472656,-0.007926879225136975,50.78995794710654,-6.329360786905897,62.27349853515625,-0.36240234375,26.450696581655265,-27.44391149081768,0.14276117769873914
2024-04-12 09:35:00-04:00,62.689998626708984,62.709999084472656,62.57500076293945,62.66680145263672,62.66680145263672,6900,62.5,35.72813921796899,43.11998580647527,30.8587183881331,63.0099983215332,-0.11888842677008668,44.80311122570746,-11.787461465579224,62.27349853515625,-0.36240234375,26.450696581655265,-27.44391149081768,0.1499850751876543
2024-04-12 09:40:00-04:00,62.5,62.540000915527344,62.27349853515625,62.5,62.5,7901,62.61000061035156,30.169599380246375,30.39302529967644,35.32217154882691,62.959999084472656,-0.07935127502369732,44.80311122570746,-11.787461465579224,62.18000030517578,-0.15014128349908704,26.450696581655265,-27.44391149081768,0.17431685941693575
2024-04-12 09:45:00-04:00,62.61000061035156,62.724998474121094,62.529998779296875,62.724998474121094,62.724998474121094,2886,62.779998779296875,43.042240214581916,34.01785453239145,35.84362187951438,62.88999938964844,-0.11118121957133612,44.80311122570746,-11.787461465579224,62.16999816894531,-0.016085777068798414,26.450696581655265,-27.44391149081768,0.17938502088735156
2024-04-12 09:50:00-04:00,62.779998779296875,62.84000015258789,62.54999923706055,62.54999923706055,62.54999923706055,2679,62.58000183105469,37.28518164945934,35.80802086746761,33.40630023317849,62.88999938964844,-0.11118121957133612,44.80311122570746,-11.787461465579224,62.02000045776367,-0.24127025188906367,25.927603840431217,-1.9776142363934404,0.19044661035135077
2024-04-12 09:55:00-04:00,62.58000183105469,62.669898986816406,62.58000183105469,62.59000015258789,62.59000015258789,1000,62.58000183105469,39.28424091212684,46.28732708074888,38.70440082686931,62.880001068115234,-0.015898110399487183,43.042240214581916,-3.9302427062591563,61.97999954223633,-0.06449679979377754,25.927603840431217,-1.9776142363934404,0.18339192429180162
2024-04-12 10:00:00-04:00,62.58000183105469,62.584999084472656,62.349998474121094,62.36000061035156,62.36000061035156,4877,62.37200164794922,32.80857304637433,34.84293045719793,38.979426135138134,62.84000015258789,-0.06361468646289058,43.042240214581916,-3.9302427062591563,61.83000183105469,-0.24200986171260705,24.239450964998397,-6.511025414544221,0.18905289970930114
2024-04-12 10:05:00-04:00,62.37200164794922,62.37200164794922,62.18000030517578,62.209999084472656,62.209999084472656,6403,62.16999816894531,29.404257513870057,25.931399795988845,35.68721911131188,62.84000015258789,-0.06361468646289058,43.042240214581916,-3.9302427062591563,61.83000183105469,-0.24200986171260705,24.066089970597517,-0.7152018197574384,0.18934774401571478
2024-04-12 10:10:00-04:00,62.16999816894531,62.16999816894531,62.16999816894531,62.16999816894531,62.16999816894531,1791,62.02000045776367,28.553395446951573,14.056096128454376,24.943475460547045,62.84000015258789,-0.06361468646289058,43.042240214581916,-3.9302427062591563,61.70000076293945,-0.2102556433209422,22.34540217835417,-7.1498435946411645,0.17441306116687766
2024-04-12 10:15:00-04:00,62.02000045776367,62.07500076293945,62.02000045776367,62.040000915527344,62.040000915527344,4557,62.0,25.927603840431217,6.424825796556298,15.470773906999836,62.84000015258789,-0.06361468646289058,39.28424091212684,-8.730956575958924,61.70000076293945,-0.2102556433209422,22.00649661593968,-1.5166679915154275,0.17197152616835396
2024-04-12 10:20:00-04:00,62.0,62.130001068115234,61.97999954223633,62.09000015258789,62.09000015258789,13373,62.064998626708984,28.6455294627602,7.679447481818946,9.386789802276535,62.669898986816406,-0.27068931470153607,39.28424091212684,-8.730956575958924,61.70000076293945,-0.2102556433209422,22.00649661593968,-1.5166679915154275,0.1697745261394092
2024-04-12 10:25:00-04:00,62.064998626708984,62.064998626708984,61.83000183105469,61.86000061035156,61.86000061035156,26230,61.9109992980957,24.239450964998397,4.7997396252759446,6.301337634550392,62.584999084472656,-0.13547158000304105,36.19544612557296,-7.862681611853135,61.70000076293945,-0.2102556433209422,22.00649661593968,-1.5166679915154275,0.1787969056787886
2024-04-12 10:30:00-04:00,61.9109992980957,61.91999816894531,61.849998474121094,61.849998474121094,61.849998474121094,4942,61.81999969482422,24.066089970597517,4.7997396252759446,5.759642244123607,62.37200164794922,-0.3403330504742025,36.19544612557296,-7.862681611853135,61.70000076293945,-0.2102556433209422,22.00649661593968,-1.5166679915154275,0.1679171845933316
2024-04-12 10:35:00-04:00,61.81999969482422,61.81999969482422,61.70000076293945,61.75,61.75,5110,61.744998931884766,22.34540217835417,0.0,3.199826416850625,62.16999816894531,-0.32386884125362697,36.19544612557296,-7.862681611853135,61.70000076293945,-0.2102556433209422,22.00649661593968,-1.5166679915154275,0.1661252372521625
2024-04-12 10:40:00-04:00,61.744998931884766,61.81589889526367,61.72999954223633,61.72999954223633,61.72999954223633,6688,61.78010177612305,22.00649661593968,0.0,1.59991320842531,62.130001068115234,-0.06433505228902704,36.19544612557296,-7.862681611853135,61.70000076293945,-0.2102556433209422,22.00649661593968,-1.5166679915154275,0.15810264882968061
2024-04-12 10:45:00-04:00,61.78010177612305,61.83000183105469,61.709999084472656,61.83000183105469,61.83000183105469,6296,61.880001068115234,27.895070964340697,9.33106123360603,3.1103537445353386,62.130001068115234,-0.06433505228902704,36.19544612557296,-7.862681611853135,61.70000076293945,-0.2102556433209422,22.00649661593968,-1.5166679915154275,0.15429265860491567
2024-04-12 10:50:00-04:00,61.880001068115234,62.0099983215332,61.849998474121094,61.9900016784668,61.9900016784668,5330,62.040000915527344,36.19544612557296,31.8149340492535,13.715331760953172,62.064998626708984,-0.10462327424553818,36.19544612557296,-7.862681611853135,61.70000076293945,-0.2102556433209422,22.00649661593968,-1.5166679915154275,0.15686304179227567
2024-04-12 10:55:00-04:00,62.040000915527344,62.060001373291016,61.9900016784668,61.9900016784668,61.9900016784668,2759,62.0099983215332,36.19544612557295,59.18916621443353,33.445053832431014,62.060001373291016,-0.008051645095530925,36.19544612557296,-7.862681611853135,61.70000076293945,-0.2102556433209422,22.00649661593968,-1.5166679915154275,0.14817670709546998
2024-04-12 11:00:00-04:00,62.0099983215332,62.0099983215332,61.95000076293945,61.95000076293945,61.95000076293945,1737,61.91999816894531,35.02635739861522,74.97685613159499,55.326985465094,62.060001373291016,-0.008051645095530925,42.19720552122265,16.581531761834825,61.70000076293945,-0.2102556433209422,22.00649661593968,-1.5166679915154275,0.13935879224529799
2024-04-12 11:05:00-04:00,61.91999816894531,61.91999816894531,61.88999938964844,61.88999938964844,61.88999938964844,1441,61.88999938964844,33.2894521431947,78.99942181724907,71.05514805442586,62.060001373291016,-0.008051645095530925,42.19720552122265,16.581531761834825,61.709999084472656,0.01620473486154102,22.00649661593968,-1.5166679915154275,0.13142305034986973
2024-04-12 11:10:00-04:00,61.88999938964844,61.970001220703125,61.83000183105469,61.84000015258789,61.84000015258789,10797,61.84000015258789,31.871159379904228,74.79970950703822,76.25866248529408,62.13999938964844,0.12890430967964964,44.04468383789296,4.3782006269138884,61.709999084472656,0.01620473486154102,27.895070964340697,26.758345279438164,0.1322806842797265
2024-04-12 11:15:00-04:00,61.84000015258789,61.875,61.84000015258789,61.84000015258789,61.84000015258789,3050,61.869998931884766,31.871159379904228,72.85547821123988,75.55153651184237,62.13999938964844,0.12890430967964964,44.04468383789296,4.3782006269138884,61.83000183105469,0.1944624021429067,31.871159379904228,14.253731136394356,0.12255260059296477
2024-04-12 11:20:00-04:00,61.869998931884766,61.869998931884766,61.869998931884766,61.869998931884766,61.869998931884766,1542,61.869998931884766,33.83276544220769,74.13185482306287,73.92901418044698,62.13999938964844,0.12890430967964964,44.04468383789296,4.3782006269138884,61.83000183105469,0.1944624021429067,31.871159379904228,14.253731136394356,0.11329721846335579
2024-04-12 11:25:00-04:00,61.869998931884766,62.0099983215332,61.84000015258789,62.0099983215332,62.0099983215332,5041,61.959999084472656,42.19720552122265,84.29066830142702,77.09266711190992,62.13999938964844,0.12890430967964964,44.04468383789296,4.3782006269138884,61.7400016784668,-0.14556065004463128,31.871159379904228,14.253731136394356,0.11896731351155146
2024-04-12 11:30:00-04:00,61.959999084472656,61.959999084472656,61.93000030517578,61.93000030517578,61.93000030517578,1464,61.939998626708984,39.15155111057888,89.42133669759636,82.61461994069542,62.13999938964844,0.12890430967964964,44.04468383789296,4.3782006269138884,61.7400016784668,-0.14556065004463128,31.871159379904228,14.253731136394356,0.1150703837961385
2024-04-12 11:35:00-04:00,61.939998626708984,62.13999938964844,61.939998626708984,62.02000045776367,62.02000045776367,11248,61.9900016784668,44.04468383789296,94.97185491780516,89.56128663894283,62.13999938964844,0.12890430967964964,44.04468383789296,4.3782006269138884,61.7400016784668,-0.14556065004463128,31.871159379904228,14.253731136394356,0.12456325386379027
2024-04-12 11:40:00-04:00,61.9900016784668,62.0099983215332,61.91999816894531,61.91999816894531,61.91999816894531,4077,61.91999816894531,40.17849934974749,89.12414997848332,91.1724471979616,62.13999938964844,0.12890430967964964,44.04468383789296,4.3782006269138884,61.68000030517578,-0.09718395150601761,31.871159379904228,14.253731136394356,0.12210715735924718
2024-04-12 11:50:00-04:00,61.91999816894531,61.959999084472656,61.900001525878906,61.93000030517578,61.93000030517578,3005,61.904998779296875,40.73880754153982,89.15207088455655,91.08269192694833,62.13999938964844,0.12890430967964964,44.04468383789296,4.3782006269138884,61.68000030517578,-0.09718395150601761,33.83276544220769,6.154799826768506,0.11589619748269746
2024-04-12 11:55:00-04:00,61.904998779296875,61.959999084472656,61.7400016784668,61.790000915527344,61.790000915527344,8365,61.83000183105469,35.69869667506334,71.92567826000517,83.40063304101501,62.13999938964844,0.12890430967964964,44.04468383789296,4.3782006269138884,61.68000030517578,-0.09718395150601761,34.33802142039791,1.4933924897546031,0.12630631833501366
2024-04-12 12:00:00-04:00,61.83000183105469,61.84000015258789,61.790000915527344,61.834999084472656,61.834999084472656,7508,61.86000061035156,38.33924428928575,62.150847676173505,74.4095322735784,62.13999938964844,0.12890430967964964,44.04468383789296,4.3782006269138884,61.68000030517578,-0.09718395150601761,34.33802142039791,1.4933924897546031,0.11867561020756698
2024-04-12 12:05:00-04:00,61.86000061035156,61.95000076293945,61.86000061035156,61.880001068115234,61.880001068115234,6979,61.86000061035156,40.95086017610491,58.67961761167386,64.25204784928418,62.13999938964844,0.12890430967964964,44.04468383789296,4.3782006269138884,61.650001525878906,-0.048636152964411865,34.33802142039791,1.4933924897546031,0.11830821703348997
2024-04-12 12:15:00-04:00,61.86000061035156,61.90999984741211,61.68000030517578,61.689998626708984,61.689998626708984,4055,61.709999084472656,34.33802142039791,49.32739571640372,56.71928700141702,62.0099983215332,-0.2092067418605262,41.29136826534025,-6.251187050601436,61.650001525878906,-0.048636152964411865,34.33802142039791,1.4933924897546031,0.1294773495537738
2024-04-12 12:20:00-04:00,61.709999084472656,61.819400787353516,61.69179916381836,61.819400787353516,61.819400787353516,6019,61.78499984741211,41.29136826534025,57.4108503375158,55.13928788853112,61.959999084472656,-0.08063092793728467,41.29136826534025,-6.251187050601436,61.63999938964844,-0.01622406485467829,34.33802142039791,1.4933924897546031,0.12946983066284953
2024-04-12 12:25:00-04:00,61.78499984741211,61.79499816894531,61.77000045776367,61.79499816894531,61.79499816894531,2468,61.77000045776367,40.42205187593521,55.96287663032678,54.23370756141543,61.959999084472656,-0.08063092793728467,41.29136826534025,-6.251187050601436,61.63999938964844,-0.01622406485467829,34.33802142039791,1.4933924897546031,0.12146288055554895
2024-04-12 12:30:00-04:00,61.77000045776367,61.77000045776367,61.7400016784668,61.7400016784668,61.7400016784668,2094,61.720001220703125,38.45698619579739,67.2413544713557,60.20502714639942,61.95000076293945,-0.016136736089314648,41.29136826534025,-6.251187050601436,61.540000915527344,-0.16222984281516245,31.97536009159187,-6.88059833116226,0.11481624154784562
2024-04-12 12:35:00-04:00,61.720001220703125,61.720001220703125,61.650001525878906,61.65999984741211,61.65999984741211,2283,61.65999984741211,35.735487906559094,47.657892186197806,56.95404109596009,61.95000076293945,-0.016136736089314648,41.29136826534025,-6.251187050601436,61.5099983215332,-0.048752995690272374,30.608089296928114,-4.276013751674025,0.1123346326518501
2024-04-12 12:40:00-04:00,61.65999984741211,61.66999816894531,61.65999984741211,61.66999816894531,61.66999816894531,1562,61.66999816894531,36.34180386966529,31.125110861250597,48.67478583960136,61.90999984741211,-0.06456967721503827,41.29136826534025,-6.251187050601436,61.5099983215332,-0.048752995690272374,30.608089296928114,-4.276013751674025,0.1021010015399854
2024-04-12 12:45:00-04:00,61.66999816894531,61.68000030517578,61.63999938964844,61.63999938964844,61.63999938964844,2455,61.68000030517578,35.26669194384463,16.281031411311204,31.688011486253192,61.819400787353516,-0.14633994553689353,43.41167301775757,5.13498302791068,61.5099983215332,-0.048752995690272374,30.608089296928114,-4.276013751674025,0.09589099293872123
2024-04-12 12:50:00-04:00,61.68000030517578,61.689998626708984,61.63999938964844,61.63999938964844,61.63999938964844,1836,61.63999938964844,35.26669194384463,13.259358469778515,20.221833580780096,61.79499816894531,-0.03947404552196049,44.911256345915625,3.454332035405886,61.5099983215332,-0.048752995690272374,30.608089296928114,-4.276013751674025,0.0913018173509038
2024-04-12 12:55:00-04:00,61.63999938964844,61.63999938964844,61.540000915527344,61.54999923706055,61.54999923706055,2663,61.560001373291016,31.97536009159187,6.378234409202639,11.972874763430776,61.775001525878906,-0.032359646668709566,48.16547083661738,7.2458772153625235,61.5099983215332,-0.048752995690272374,30.608089296928114,-4.276013751674025,0.0921714830279228
2024-04-12 13:00:00-04:00,61.560001373291016,61.560001373291016,61.5099983215332,61.5099983215332,61.5099983215332,1195,61.55500030517578,30.608089296928114,3.189117204601307,7.608903361194145,61.810001373291016,0.05665697539067995,48.46335704054249,0.6184642208431281,61.5099983215332,-0.048752995690272374,30.608089296928114,-4.276013751674025,0.08795463990091176
2024-04-12 13:05:00-04:00,61.55500030517578,61.55500030517578,61.5099983215332,61.54499816894531,61.54499816894531,3225,61.56999969482422,33.29574440917934,8.385862056639986,5.984404556814635,61.86000061035156,0.08089182324812609,49.403255001822615,1.939399205246643,61.5099983215332,-0.048752995690272374,30.608089296928114,-4.276013751674025,0.0836593742750784
2024-04-12 13:10:00-04:00,61.56999969482422,61.724998474121094,61.54499816894531,61.69499969482422,61.69499969482422,15021,61.720001220703125,43.41167301775757,41.71919538997332,17.764724883738197,61.88999938964844,0.048494631427234494,55.00093828097965,11.330596089165633,61.5099983215332,-0.048752995690272374,30.608089296928114,-4.276013751674025,0.09329346736514868
2024-04-12 13:15:00-04:00,61.720001220703125,61.720001220703125,61.70000076293945,61.720001220703125,61.720001220703125,6367,61.7599983215332,44.911256345915625,75.05252872330666,41.719195389973315,61.967498779296875,0.1252211834104491,58.98714256674991,7.247520515752291,61.5099983215332,-0.048752995690272374,30.608089296928114,-4.276013751674025,0.08646427321652443
2024-04-12 13:20:00-04:00,61.7599983215332,61.775001525878906,61.7400016784668,61.775001525878906,61.775001525878906,5728,61.775001525878906,48.16547083661738,100.0,72.25724137109331,62.0099983215332,0.06858360119987136,60.09258112335606,1.8740330663673652,61.5099983215332,-0.048752995690272374,30.608089296928114,-4.276013751674025,0.08331787641245011
2024-04-12 13:25:00-04:00,61.775001525878906,61.810001373291016,61.74169921875,61.779998779296875,61.779998779296875,9231,61.76499938964844,48.46335704054249,100.0,91.68417624110221,62.0099983215332,0.06858360119987136,60.09258112335606,1.8740330663673652,61.5099983215332,-0.048752995690272374,30.608089296928114,-4.276013751674025,0.08181630422530667
2024-04-12 13:30:00-04:00,61.76499938964844,61.86000061035156,61.7400016784668,61.79499816894531,61.79499816894531,16912,61.79999923706055,49.403255001822615,100.0,100.0,62.099998474121094,0.14513813098530232,65.01853036596958,8.197266868104224,61.5099983215332,-0.048752995690272374,33.29574440917934,8.78086536594418,0.08563456699125256
2024-04-12 13:35:00-04:00,61.79999923706055,61.88999938964844,61.790000915527344,61.88999938964844,61.88999938964844,8804,61.880001068115234,55.00093828097965,100.0,100.0,62.11000061035156,0.01610649996173017,65.01853036596958,8.197266868104224,61.54499816894531,0.056901070341692325,43.41167301775757,30.382046679182693,0.08707095770423669
2024-04-12 13:40:00-04:00,61.880001068115234,61.967498779296875,61.86009979248047,61.967498779296875,61.967498779296875,13206,61.9900016784668,58.98714256674991,100.0,100.0,62.11000061035156,0.01610649996173017,65.01853036596958,8.197266868104224,61.70000076293945,0.25185246341002027,44.911256345915625,3.454332035405886,0.08910376061545364
2024-04-12 13:45:00-04:00,61.9900016784668,62.0099983215332,61.93000030517578,61.9900016784668,61.9900016784668,10238,61.9900016784668,60.09258112335606,100.0,100.0,62.11000061035156,0.01610649996173017,65.01853036596958,8.197266868104224,61.7400016784668,0.06483130475319311,46.60871592051987,3.779586038587001,0.08819318618965047
2024-04-12 13:50:00-04:00,61.9900016784668,61.9900016784668,61.970001220703125,61.98500061035156,61.98500061035156,4542,61.970001220703125,59.70741169958834,99.56455139644801,99.85485046548267,62.11000061035156,0.01610649996173017,65.01853036596958,8.197266868104224,61.7400016784668,0.06483130475319311,46.60871592051987,3.779586038587001,0.0813739133470526
2024-04-12 13:55:00-04:00,61.970001220703125,62.099998474121094,61.970001220703125,62.095001220703125,62.095001220703125,13474,62.11000061035156,65.01853036596958,99.56455139644801,99.70970093096533,62.11000061035156,0.01610649996173017,65.01853036596958,8.197266868104224,61.7400016784668,0.06483130475319311,46.60871592051987,3.779586038587001,0.08623624735414422
2024-04-12 14:00:00-04:00,62.11000061035156,62.11000061035156,61.869998931884766,61.904998779296875,61.904998779296875,18313,61.900001525878906,52.21558821321087,87.16236400312094,95.43048893200564,62.11000061035156,0.01610649996173017,65.01853036596958,8.197266868104224,61.75,0.016194235927094673,46.60871592051987,3.779586038587001,0.10161279046540947
2024-04-12 14:05:00-04:00,61.900001525878906,61.97999954223633,61.83000183105469,61.83620071411133,61.83620071411133,18732,61.79999923706055,48.492136866547995,71.58872448691407,86.10521329549435,62.11000061035156,0.01610649996173017,65.01853036596958,8.197266868104224,61.75,0.016194235927094673,46.60871592051987,3.779586038587001,0.1064512825370326
2024-04-12 14:10:00-04:00,61.79999923706055,61.84000015258789,61.75,61.79999923706055,61.79999923706055,8523,61.82500076293945,46.60871592051987,52.24425447879876,70.33178098961125,62.11000061035156,0.01610649996173017,65.01853036596958,8.197266868104224,61.75,0.016194235927094673,46.60871592051987,3.779586038587001,0.10480616954211838
2024-04-12 14:15:00-04:00,61.82500076293945,61.900001525878906,61.81999969482422,61.86000061035156,61.86000061035156,12213,61.84000015258789,50.07014890634495,41.58527319047483,55.13941738539588,62.11000061035156,0.01610649996173017,65.01853036596958,8.197266868104224,61.75,0.016194235927094673,46.60871592051987,3.779586038587001,0.10432578146974247
2024-04-12 14:20:00-04:00,61.84000015258789,61.8849983215332,61.81999969482422,61.84000015258789,61.84000015258789,11193,61.83000183105469,48.93137781020841,30.925484266505304,41.58500397859296,62.11000061035156,0.01610649996173017,65.01853036596958,8.197266868104224,61.75,0.016194235927094673,46.60871592051987,3.779586038587001,0.10039306599366667
2024-04-12 14:25:00-04:00,61.83000183105469,61.869998931884766,61.814998626708984,61.814998626708984,61.814998626708984,4367,61.814998626708984,47.47773141865148,18.51008510394284,30.34028085364098,62.11000061035156,0.01610649996173017,53.316405778979195,-17.99813764033527,61.75,0.016194235927094673,46.60871592051987,3.779586038587001,0.09585378991187812
2024-04-12 14:30:00-04:00,61.814998626708984,61.880001068115234,61.77000045776367,61.83000183105469,61.83000183105469,9782,61.83000183105469,48.46709997937507,11.602763453732724,20.346110941393615,61.97999954223633,-0.20930778753456936,53.316405778979195,-17.99813764033527,61.75,0.016194235927094673,46.60871592051987,3.779586038587001,0.09726847195584656
2024-04-12 14:35:00-04:00,61.83000183105469,61.86000061035156,61.79999923706055,61.830101013183594,61.830101013183594,6860,61.830101013183594,48.474009931840776,8.31566152194953,12.809503359875022,61.900001525878906,-0.12907069530213072,53.316405778979195,-17.99813764033527,61.75,0.016194235927094673,46.399314948034466,-0.44927427917664253,0.09354176208936346
2024-04-12 14:40:00-04:00,61.830101013183594,61.900001525878906,61.830101013183594,61.8849983215332,61.8849983215332,14119,61.8849983215332,52.28751901514315,17.02439966221993,12.314274879300719,61.900001525878906,-0.12907069530213072,53.316405778979195,-17.99813764033527,61.75,0.016194235927094673,46.399314948034466,-0.44927427917664253,0.09117763714995837
2024-04-12 14:45:00-04:00,61.8849983215332,61.900001525878906,61.849998474121094,61.869998931884766,61.869998931884766,11009,61.869998931884766,51.17310283272422,21.923965346540705,15.754675510236714,61.91999816894531,0.03230475375359423,54.54528022776125,2.304871138306477,61.75,0.016194235927094673,46.399314948034466,-0.44927427917664253,0.08706017861074379
2024-04-12 14:50:00-04:00,61.869998931884766,61.900001525878906,61.84000015258789,61.900001525878906,61.900001525878906,5987,61.880001068115234,53.316405778979195,30.691744912320623,23.213369973693744,61.974998474121094,0.0888247848872927,54.54528022776125,2.304871138306477,61.75,0.016194235927094673,46.399314948034466,-0.44927427917664253,0.08435429807877097
2024-04-12 14:55:00-04:00,61.880001068115234,61.900001525878906,61.8650016784668,61.869998931884766,61.869998931884766,7097,61.849998474121094,50.90977061618507,28.197154498711814,26.937621585857702,61.974998474121094,0.0888247848872927,55.548223297980485,1.8387348383422102,61.75,0.016194235927094673,46.399314948034466,-0.44927427917664253,0.0794188530121048
2024-04-12 15:00:00-04:00,61.849998474121094,61.849998474121094,61.7599983215332,61.810001373291016,61.810001373291016,5860,61.814998626708984,46.399314948034466,19.932745812918835,26.273881741317084,61.974998474121094,0.0888247848872927,55.548223297980485,1.8387348383422102,61.75,0.016194235927094673,46.399314948034466,-0.44927427917664253,0.08247702874605058
2024-04-12 15:05:00-04:00,61.814998626708984,61.84000015258789,61.75,61.814998626708984,61.814998626708984,15007,61.83000183105469,46.82191973500246,9.824136575280011,19.318012295636876,61.974998474121094,0.0888247848872927,55.548223297980485,1.8387348383422102,61.75,0.016194235927094673,46.399314948034466,-0.44927427917664253,0.08322934113023459
2024-04-12 15:10:00-04:00,61.83000183105469,61.91999816894531,61.83000183105469,61.915000915527344,61.915000915527344,5867,61.915000915527344,54.54528022776125,35.369858019296196,21.708913469165008,61.974998474121094,0.0888247848872927,55.548223297980485,1.8387348383422102,61.75,0.016194235927094673,46.399314948034466,-0.44927427917664253,0.08540636124084394
2024-04-12 15:15:00-04:00,61.915000915527344,61.974998474121094,61.86000061035156,61.904998779296875,61.904998779296875,12286,61.904998779296875,53.70513003335695,65.26529228008614,36.819762291554106,62.05500030517578,0.12908726587237251,62.77516234253593,13.0102073756483,61.75,0.016194235927094673,46.399314948034466,-0.44927427917664253,0.08836551149371268
2024-04-12 15:20:00-04:00,61.904998779296875,61.95000076293945,61.869998931884766,61.93000030517578,61.93000030517578,13114,61.935001373291016,55.548223297980485,96.5621009274566,65.73241707561296,62.060001373291016,0.00805908966342758,62.77516234253593,13.0102073756483,61.75,0.016194235927094673,46.399314948034466,-0.44927427917664253,0.08752914344981015
2024-04-12 15:25:00-04:00,61.935001373291016,61.95000076293945,61.88999938964844,61.88999938964844,61.88999938964844,11285,61.89500045776367,51.98240728599909,83.57032866498612,81.79924062417628,62.060001373291016,0.00805908966342758,62.77516234253593,13.0102073756483,61.75,0.016194235927094673,46.399314948034466,-0.44927427917664253,0.08477636643393069
2024-04-12 15:30:00-04:00,61.89500045776367,61.95000076293945,61.89500045776367,61.935001373291016,61.935001373291016,10407,61.91999816894531,55.44744364286321,86.6410449318058,88.92449150808284,62.060001373291016,0.00805908966342758,62.77516234253593,13.0102073756483,61.7400016784668,-0.01619161381895243,44.91694294075576,-3.1948144254692292,0.08229886711963919
2024-04-12 15:35:00-04:00,61.91999816894531,61.959999084472656,61.875,61.90999984741211,61.90999984741211,21328,61.90999984741211,53.15260827774079,77.91280862714754,82.70806074131315,62.060001373291016,0.00805908966342758,62.77516234253593,13.0102073756483,61.23500061035156,-0.8179479338941528,30.129529013775823,-32.92168379865954,0.08256888885494089
2024-04-12 15:40:00-04:00,61.90999984741211,62.05500030517578,61.875,62.05500030517578,62.05500030517578,19814,62.04999923706055,62.77516234253593,90.90458088961802,85.1528114828571,62.060001373291016,0.00805908966342758,62.77516234253593,13.0102073756483,61.23500061035156,-0.8179479338941528,30.129529013775823,-32.92168379865954,0.09231203048702492
2024-04-12 15:45:00-04:00,62.04999923706055,62.060001373291016,61.880001068115234,61.970001220703125,61.970001220703125,25643,61.95000076293945,55.56954283183896,76.60459495365693,81.80732815680749,62.2599983215332,0.32226384759356597,62.77516234253593,13.0102073756483,61.23500061035156,-0.8179479338941528,30.129529013775823,-32.92168379865954,0.10108085795590056
2024-04-12 15:50:00-04:00,61.95000076293945,61.96500015258789,61.84000015258789,61.849998474121094,61.849998474121094,48041,61.849998474121094,47.3125572685113,53.85841917340423,73.78919833889306,62.2599983215332,0.32226384759356597,62.77516234253593,13.0102073756483,61.23500061035156,-0.8179479338941528,30.129529013775823,-32.92168379865954,0.10397287897183394
2024-04-12 15:55:00-04:00,61.849998474121094,61.86000061035156,61.7400016784668,61.810001373291016,61.810001373291016,97411,61.7400016784668,44.91694294075576,20.5250858400709,50.32936665571068,62.2599983215332,0.32226384759356597,62.77516234253593,13.0102073756483,61.23500061035156,-0.8179479338941528,30.129529013775823,-32.92168379865954,0.1055754842631271
2024-04-15 09:30:00-04:00,61.7400016784668,61.7400016784668,61.23500061035156,61.45000076293945,61.45000076293945,7937,61.744998931884766,30.129529013775823,1.8589212484223652,25.414142087299155,62.2599983215332,0.32226384759356597,62.77516234253593,13.0102073756483,61.23500061035156,-0.8179479338941528,30.129529013775823,-32.92168379865954,0.15251801213075972
2024-04-15 09:35:00-04:00,61.744998931884766,61.959999084472656,61.73249816894531,61.959999084472656,61.959999084472656,11781,62.02000045776367,53.48989177105913,23.852462923122715,15.41215667053865,62.2599983215332,0.32226384759356597,62.77516234253593,13.0102073756483,61.23500061035156,-0.8179479338941528,30.129529013775823,-32.92168379865954,0.18826604307100406
2024-04-15 09:40:00-04:00,62.02000045776367,62.2599983215332,62.02000045776367,62.224998474121094,62.224998474121094,1791,62.18000030517578,60.82001090014617,55.18945836679071,26.96694751277859,62.2599983215332,0.32226384759356597,60.82001090014617,-3.114530284639282,61.23500061035156,-0.8179479338941528,30.129529013775823,-32.92168379865954,0.19943936246995836
2024-04-15 09:45:00-04:00,62.18000030517578,62.209999084472656,62.06999969482422,62.18000030517578,62.18000030517578,5858,62.00189971923828,59.11626310151662,84.78681553431538,54.60957894140959,62.2599983215332,0.32226384759356597,60.82001090014617,-3.114530284639282,61.23500061035156,-0.8179479338941528,30.129529013775823,-32.92168379865954,0.19499530415265004
2024-04-15 09:50:00-04:00,62.00189971923828,62.15999984741211,62.00189971923828,62.040000915527344,62.040000915527344,5116,61.991798400878906,54.043781000447446,85.35237277521836,75.10954889210814,62.2599983215332,0.32226384759356597,60.82001090014617,-3.114530284639282,61.23500061035156,-0.8179479338941528,30.129529013775823,-32.92168379865954,0.19330583233113502
2024-04-15 09:55:00-04:00,61.991798400878906,62.09000015258789,61.95000076293945,62.07500076293945,62.07500076293945,3534,62.029998779296875,55.08146197613306,79.49293784842672,83.21070871932015,62.2599983215332,0.32226384759356597,60.82001090014617,-3.114530284639282,61.23500061035156,-0.8179479338941528,30.129529013775823,-32.92168379865954,0.18797518806286526
2024-04-15 10:00:00-04:00,62.029998779296875,62.11000061035156,61.959999084472656,62.06999969482422,62.06999969482422,6565,62.060001373291016,54.89074034389606,75.17840189904247,80.00790417422917,62.2599983215332,0.32226384759356597,60.82001090014617,-3.114530284639282,61.709999084472656,0.7756976718977887,41.84498316655335,38.883628573885055,0.18417782184446935
2024-04-15 10:05:00-04:00,62.060001373291016,62.14500045776367,61.939998626708984,62.064998626708984,62.064998626708984,8883,62.0,54.68681939431783,75.83498628547952,76.8354420109829,62.2599983215332,0.32226384759356597,60.82001090014617,-3.114530284639282,61.66999816894531,-0.06482080071430223,41.84498316655335,38.883628573885055,0.18626022276549117
2024-04-15 10:10:00-04:00,62.0,62.0099983215332,61.91999816894531,62.005001068115234,62.005001068115234,6403,62.060001373291016,52.1822060842262,72.87465581523489,74.62934799991895,62.209999084472656,-0.08030716095161565,59.11626310151662,-2.801294793298788,61.66999816894531,-0.06482080071430223,41.84498316655335,38.883628573885055,0.18213424626530925
2024-04-15 10:15:00-04:00,62.060001373291016,62.084999084472656,61.900001525878906,61.900001525878906,61.900001525878906,5578,61.915000915527344,48.03589031125361,65.87540422201239,71.52834877424226,62.15999984741211,-0.08037170518625915,55.08146197613306,-6.825196508877515,61.66999816894531,-0.06482080071430223,41.84498316655335,38.883628573885055,0.18242057749815332
2024-04-15 10:20:00-04:00,61.915000915527344,61.95000076293945,61.8650016784668,61.880001068115234,61.880001068115234,2893,61.86000061035156,47.26548150549229,59.41238154587069,66.05414719437265,62.14500045776367,-0.024130292286450136,55.08146197613306,-6.825196508877515,61.66999816894531,-0.06482080071430223,41.84498316655335,38.883628573885055,0.1726784281956036
2024-04-15 10:25:00-04:00,61.86000061035156,61.86000061035156,61.709999084472656,61.72999954223633,61.72999954223633,9398,61.7400016784668,41.84498316655335,49.619459311406125,58.30241502642972,62.14500045776367,-0.024130292286450136,54.89074034389606,-0.3462537583327774,61.66999816894531,-0.06482080071430223,41.84498316655335,38.883628573885055,0.17241078374030105
2024-04-15 10:30:00-04:00,61.7400016784668,61.95000076293945,61.66999816894531,61.92499923706055,61.92499923706055,7640,61.91999816894531,49.89024761574426,52.798264324474566,53.94336839391712,62.14500045776367,-0.024130292286450136,54.68681939431783,-0.37150336887541974,61.66999816894531,-0.06482080071430223,41.84498316655335,38.883628573885055,0.183169964765685
2024-04-15 10:35:00-04:00,61.91999816894531,61.970001220703125,61.83000183105469,61.849998474121094,61.849998474121094,6104,61.8650016784668,47.18637524380274,52.71234598016786,51.71002320534951,62.084999084472656,-0.09655060398912549,52.1822060842262,-4.579921337227864,61.66999816894531,-0.06482080071430223,41.84498316655335,38.883628573885055,0.17885290725396025
2024-04-15 10:40:00-04:00,61.8650016784668,61.880001068115234,61.82500076293945,61.82500076293945,61.82500076293945,4014,61.81999969482422,46.28596770021248,47.78949278862108,51.10003436442116,62.084999084472656,-0.09655060398912549,51.46308293842411,-1.3781003138145829,61.66999816894531,-0.06482080071430223,41.84498316655335,38.883628573885055,0.16646764704614234
2024-04-15 10:45:00-04:00,61.81999969482422,61.84000015258789,61.75,61.814998626708984,61.814998626708984,8430,61.849998474121094,45.90848877710922,33.46545749433603,44.65576542104165,61.974998474121094,-0.1771774373418223,53.048155781972675,3.080019215803911,61.66999816894531,-0.06482080071430223,41.84498316655335,38.883628573885055,0.15882089760031717
2024-04-15 10:50:00-04:00,61.849998474121094,61.95000076293945,61.849998474121094,61.90999984741211,61.90999984741211,6810,61.849998474121094,50.07331773449765,30.82036679762049,37.35843902685919,61.974998474121094,-0.1771774373418223,53.048155781972675,3.080019215803911,61.66999816894531,-0.06482080071430223,41.84498316655335,38.883628573885055,0.15643902146333233
2024-04-15 10:55:00-04:00,61.849998474121094,61.900001525878906,61.7599983215332,61.880001068115234,61.880001068115234,4718,61.84000015258789,48.795677762842224,40.52279846045894,34.93620758413848,61.974998474121094,-0.1771774373418223,53.048155781972675,3.080019215803911,61.66999816894531,-0.06482080071430223,45.90848877710922,9.710854929447857,0.1557952719048897
2024-04-15 11:00:00-04:00,61.84000015258789,61.94499969482422,61.84000015258789,61.939998626708984,61.939998626708984,3928,61.939998626708984,51.46308293842411,57.60565346468294,42.98293957425412,61.974998474121094,-0.1771774373418223,53.048155781972675,3.080019215803911,61.75,0.12972569066002243,45.90848877710922,9.710854929447857,0.15071569893803355
2024-04-15 11:05:00-04:00,61.939998626708984,61.939998626708984,61.849998474121094,61.90999984741211,61.90999984741211,6871,61.93000030517578,50.058916776982464,62.71257743147968,53.61367645220718,61.97999954223633,0.008069492921928302,53.048155781972675,3.080019215803911,61.75,0.12972569066002243,45.90848877710922,9.710854929447857,0.14464414430301925
2024-04-15 11:10:00-04:00,61.93000030517578,61.974998474121094,61.93000030517578,61.974998474121094,61.974998474121094,3594,61.974998474121094,53.048155781972675,74.28857353845785,64.86893481154014,62.02000045776367,0.06453842501254795,53.44963665535717,0.7568234323443305,61.75,0.12972569066002243,45.90848877710922,9.710854929447857,0.13667959254361578
2024-04-15 11:15:00-04:00,61.974998474121094,61.974998474121094,61.79999923706055,61.81999969482422,61.81999969482422,13523,61.900001525878906,45.98036229103115,62.37156975760497,66.45757357584749,62.04499816894531,0.04030588680608661,54.310209418059884,1.6100628863984292,61.7599983215332,0.01619161381895243,45.98036229103115,0.1565582223167548,0.14051155699530887
2024-04-15 11:20:00-04:00,61.900001525878906,61.959999084472656,61.880001068115234,61.904998779296875,61.904998779296875,13569,61.91999816894531,49.92077586688663,65.41236380439052,67.35750236681777,62.04999923706055,0.008060388851357084,56.0601395709746,3.222101648410891,61.7599983215332,0.01619161381895243,45.98036229103115,0.1565582223167548,0.14046034026062174
2024-04-15 11:25:00-04:00,61.91999816894531,61.974998474121094,61.91999816894531,61.974998474121094,61.974998474121094,3943,61.939998626708984,52.963691764930466,69.41450493252374,65.73281283150641,62.09000015258789,0.06446561808086605,56.0601395709746,3.222101648410891,61.79999923706055,0.06476832353377357,45.98036229103115,0.1565582223167548,0.13341427571698145
2024-04-15 11:30:00-04:00,61.939998626708984,61.97999954223633,61.904998779296875,61.904998779296875,61.904998779296875,4714,61.91999816894531,49.71081279406189,80.51389207665109,71.78025360452177,62.09000015258789,0.06446561808086605,56.54281516194655,0.8609960564954755,61.79999923706055,0.06476832353377357,45.98036229103115,0.1565582223167548,0.1275729244392286
2024-04-15 11:35:00-04:00,61.91999816894531,62.02000045776367,61.91999816894531,61.9900016784668,61.9900016784668,4336,62.005001068115234,53.44963665535717,89.8189345631033,79.91577719075936,62.20000076293945,0.17716316650222735,62.52617325401963,10.581995386922115,61.79999923706055,0.06476832353377357,45.98036229103115,0.1565582223167548,0.12631579984198543
2024-04-15 11:40:00-04:00,62.005001068115234,62.04499816894531,62.0,62.0099983215332,62.0099983215332,6018,62.04999923706055,54.310209418059884,90.0702443778664,86.80102367254024,62.20000076293945,0.17716316650222735,62.52617325401963,10.581995386922115,61.79999923706055,0.06476832353377357,45.98036229103115,0.1565582223167548,0.11918386890563845
2024-04-15 11:45:00-04:00,62.04999923706055,62.04999923706055,62.04999923706055,62.04999923706055,62.04999923706055,1082,62.029998779296875,56.0601395709746,100.0,93.29639298032322,62.20000076293945,0.17716316650222735,62.52617325401963,10.581995386922115,61.880001068115234,0.1294528026574984,49.71081279406189,8.113138559933429,0.11126557356780897
2024-04-15 11:50:00-04:00,62.029998779296875,62.09000015258789,62.029998779296875,62.04999923706055,62.04999923706055,3328,62.04999923706055,56.0601395709746,100.0,96.69008145928878,62.20000076293945,0.17716316650222735,62.52617325401963,10.581995386922115,61.904998779296875,0.0403970761961107,49.71081279406189,8.113138559933429,0.10613915354012964
2024-04-15 11:55:00-04:00,62.04999923706055,62.09000015258789,62.029998779296875,62.060001373291016,62.060001373291016,9181,62.040000915527344,56.54281516194655,100.0,100.0,62.349998474121094,0.24115387353984338,65.90972923432899,5.411423415540372,61.904998779296875,0.0403970761961107,49.71081279406189,8.113138559933429,0.10152537551521823
2024-04-15 12:00:00-04:00,62.040000915527344,62.20000076293945,62.040000915527344,62.19499969482422,62.19499969482422,8687,62.189998626708984,62.52617325401963,100.0,100.0,62.349998474121094,0.24115387353984338,65.90972923432899,5.411423415540372,61.91999816894531,0.024229690564914128,53.44963665535717,7.521148118788947,0.10737282270490733
2024-04-15 12:05:00-04:00,62.189998626708984,62.189998626708984,62.13999938964844,62.150001525878906,62.150001525878906,2374,62.119998931884766,59.58144260348408,94.06752025810306,98.022506752701,62.349998474121094,0.24115387353984338,65.90972923432899,5.411423415540372,62.0,0.12920192735860053,54.310209418059884,1.6100628863984292,0.10213557095199473
2024-04-15 12:10:00-04:00,62.119998931884766,62.18000030517578,62.119998931884766,62.18000030517578,62.18000030517578,2618,62.189998626708984,60.90339612320271,90.7982594676691,94.95525990859069,62.349998474121094,0.24115387353984338,65.90972923432899,5.411423415540372,62.029998779296875,0.048385127898185484,56.0601395709746,3.222101648410891,0.09792215118589682
2024-04-15 12:15:00-04:00,62.189998626708984,62.189998626708984,62.13999938964844,62.150001525878906,62.150001525878906,9184,62.154998779296875,58.831214241277316,83.35436320291339,89.40671430956183,62.349998474121094,0.24115387353984338,65.90972923432899,5.411423415540372,62.029998779296875,0.048385127898185484,56.0601395709746,3.222101648410891,0.09312985977336183
2024-04-15 12:20:00-04:00,62.154998779296875,62.349998474121094,62.150001525878906,62.31999969482422,62.31999969482422,19657,62.30500030517578,65.90972923432899,89.28684294481032,87.81315520513091,62.349998474121094,0.24115387353984338,65.90972923432899,5.411423415540372,62.029998779296875,0.048385127898185484,55.53386594237614,-0.9387661761565446,0.1038165686202444
2024-04-15 12:25:00-04:00,62.30500030517578,62.30500030517578,62.224998474121094,62.23500061035156,62.23500061035156,3146,62.209999084472656,60.324717584189955,81.06354152028882,84.56824922267083,62.349998474121094,0.24115387353984338,65.90972923432899,5.411423415540372,62.040000915527344,0.016124675846047352,52.894966228802346,-4.751874678258499,0.10293503382853246
2024-04-15 12:30:00-04:00,62.209999084472656,62.209999084472656,62.157501220703125,62.189998626708984,62.189998626708984,3306,62.22999954223633,57.544489717540834,71.29385944142575,80.54808130217496,62.349998474121094,0.24115387353984338,65.90972923432899,5.411423415540372,62.119998931884766,0.12894586585571763,52.894966228802346,-4.751874678258499,0.10039146941052297
2024-04-15 12:35:00-04:00,62.22999954223633,62.290000915527344,62.22999954223633,62.2400016784668,62.2400016784668,5093,62.2599983215332,59.76347827176011,58.64640657992736,70.33460251388064,62.380001068115234,0.04811963869829678,65.90972923432899,5.411423415540372,62.119998931884766,0.12894586585571763,52.894966228802346,-4.751874678258499,0.10035255135130661
2024-04-15 12:40:00-04:00,62.2599983215332,62.290000915527344,62.2599983215332,62.290000915527344,62.290000915527344,3823,62.2400016784668,61.90741980458626,59.431960521934144,63.12407551442907,62.43000030517578,0.08015267105550494,65.90972923432899,5.411423415540372,62.1349983215332,0.024145830499585953,52.894966228802346,-4.751874678258499,0.09531721992223063
2024-04-15 12:45:00-04:00,62.2400016784668,62.2400016784668,62.16999816894531,62.189998626708984,62.189998626708984,5620,62.17499923706055,55.53386594237614,46.82860547433901,54.96899085873349,62.43000030517578,0.08015267105550494,65.90972923432899,5.411423415540372,62.1349983215332,0.024145830499585953,52.894966228802346,-4.751874678258499,0.0977857725882107
2024-04-15 12:50:00-04:00,62.17499923706055,62.17499923706055,62.14500045776367,62.14500045776367,62.14500045776367,1090,62.165000915527344,52.894966228802346,26.14272500250407,44.134430332925724,62.43000030517578,0.08015267105550494,63.18872117461181,-4.128386038490888,62.130001068115234,-0.008042574318758653,49.429700879217236,-6.551219514151433,0.09250701222392088
2024-04-15 12:55:00-04:00,62.165000915527344,62.2599983215332,62.1349983215332,62.2599983215332,62.2599983215332,12706,62.2400016784668,58.342920037129765,17.46966672081264,30.14699906588523,62.43000030517578,0.08015267105550494,63.18872117461181,-4.128386038490888,61.96500015258789,-0.26557365635073404,42.94308590143787,-13.122909632064294,0.09575631100152879
2024-04-15 13:00:00-04:00,62.2400016784668,62.380001068115234,62.209999084472656,62.36000061035156,62.36000061035156,11493,62.380001068115234,62.41389363858351,38.33308684850933,27.315159523942004,62.43000030517578,0.08015267105550494,63.18872117461181,-4.128386038490888,61.709999084472656,-0.4115243564710692,37.01444177273066,-13.805817640386893,0.10318087826563374
2024-04-15 13:05:00-04:00,62.380001068115234,62.43000030517578,62.380001068115234,62.380001068115234,62.380001068115234,8552,62.38999938964844,63.18872117461181,64.69739057917344,40.166714716165124,62.43000030517578,0.08015267105550494,63.18872117461181,-4.128386038490888,61.70100021362305,-0.01458251658259002,34.17501467620749,-7.67113310517367,0.09986275992149224
2024-04-15 13:10:00-04:00,62.38999938964844,62.38999938964844,62.25,62.279998779296875,62.279998779296875,5815,62.2599983215332,56.87541339602841,60.938821328550915,54.65643291874455,62.43000030517578,0.08015267105550494,63.18872117461181,-4.128386038490888,61.70100021362305,-0.01458251658259002,34.17501467620749,-7.67113310517367,0.10387642289418678
2024-04-15 13:15:00-04:00,62.2599983215332,62.2599983215332,62.130001068115234,62.13999938964844,62.13999938964844,2769,62.09000015258789,49.429700879217236,36.55900125873481,54.06507105548638,62.43000030517578,0.08015267105550494,63.18872117461181,-4.128386038490888,61.70100021362305,-0.01458251658259002,34.17501467620749,-7.67113310517367,0.10848855172293215
2024-04-15 13:20:00-04:00,62.09000015258789,62.09000015258789,61.96500015258789,61.9900016784668,61.9900016784668,1359,61.9900016784668,42.94308590143787,10.194697528070702,35.89750670511879,62.43000030517578,0.08015267105550494,63.18872117461181,-4.128386038490888,61.70100021362305,-0.01458251658259002,34.17501467620749,-7.67113310517367,0.11513962025669362
2024-04-15 13:25:00-04:00,61.9900016784668,62.0099983215332,61.709999084472656,61.81999969482422,61.81999969482422,15488,61.810001373291016,37.01444177273066,0.0,15.58456626226849,62.43000030517578,0.08015267105550494,63.18872117461181,-4.128386038490888,61.70100021362305,-0.01458251658259002,34.17501467620749,-7.67113310517367,0.13362558193707894
2024-04-15 13:30:00-04:00,61.810001373291016,61.83000183105469,61.70100021362305,61.724998474121094,61.724998474121094,4923,61.78499984741211,34.17501467620749,0.0,3.398232509356886,62.43000030517578,0.08015267105550494,63.18872117461181,-4.128386038490888,61.70100021362305,-0.01458251658259002,34.17501467620749,-7.67113310517367,0.1331631854865351
2024-04-15 13:35:00-04:00,61.78499984741211,61.900001525878906,61.756900787353516,61.88999938964844,61.88999938964844,14269,61.90999984741211,42.43467738715264,9.489380144518249,3.163126714839402,62.38999938964844,-0.06407322654462243,56.87541339602841,-9.991194094809414,61.70100021362305,-0.01458251658259002,34.17501467620749,-7.67113310517367,0.13734717211366285
2024-04-15 13:40:00-04:00,61.90999984741211,62.005001068115234,61.90999984741211,61.970001220703125,61.970001220703125,6249,61.970001220703125,45.97440127779921,23.045486350437002,10.844955498318404,62.2599983215332,-0.20836843947269498,49.429700879217236,-13.091267513021895,61.70100021362305,-0.01458251658259002,34.17501467620749,-7.67113310517367,0.13511262274897623
2024-04-15 13:45:00-04:00,61.970001220703125,62.060001373291016,61.94599914550781,61.959999084472656,61.959999084472656,10976,62.0099983215332,45.59689753694754,36.16788519707434,22.900917230676516,62.095001220703125,-0.265013018435968,49.399379688819735,-0.06134204710562939,61.70100021362305,-0.01458251658259002,34.17501467620749,-7.67113310517367,0.13300158325239891
2024-04-15 13:50:00-04:00,62.0099983215332,62.04499816894531,61.959999084472656,62.04499816894531,62.04499816894531,5490,62.01499938964844,49.399379688819735,44.16950827138479,34.46095993963203,62.095001220703125,-0.265013018435968,49.399379688819735,-0.06134204710562939,61.70100021362305,-0.01458251658259002,34.17501467620749,-7.67113310517367,0.12820133337442466
2024-04-15 13:55:00-04:00,62.01499938964844,62.095001220703125,62.0099983215332,62.025001525878906,62.025001525878906,11956,62.04499816894531,48.53983328503047,47.11688765036021,42.48476037293977,62.095001220703125,-0.265013018435968,49.399379688819735,-0.06134204710562939,61.70100021362305,-0.01458251658259002,34.17501467620749,-7.67113310517367,0.12388148995397438
2024-04-15 14:00:00-04:00,62.04499816894531,62.04999923706055,61.880001068115234,61.91999816894531,61.91999816894531,4061,61.91999816894531,44.19154991877691,45.502308671688034,45.59623486447767,62.095001220703125,-0.265013018435968,49.399379688819735,-0.06134204710562939,61.7135009765625,0.020260227380711187,37.92042600016129,10.959501727913942,0.1284931578531082
2024-04-15 14:05:00-04:00,61.91999816894531,61.95000076293945,61.810001373291016,61.810001373291016,61.810001373291016,3720,61.834999084472656,40.1354450540561,34.85913830750962,42.49277820985261,62.095001220703125,-0.265013018435968,49.399379688819735,-0.06134204710562939,61.7135009765625,0.020260227380711187,37.92042600016129,10.959501727913942,0.12964378103264113
2024-04-15 14:10:00-04:00,61.834999084472656,61.834999084472656,61.71500015258789,61.744998931884766,61.744998931884766,5534,61.77000045776367,37.92042600016129,22.658689431788048,34.340045470328555,62.095001220703125,-0.265013018435968,49.399379688819735,-0.06134204710562939,61.7135009765625,0.020260227380711187,37.92042600016129,10.959501727913942,0.1286792961178536
2024-04-15 14:15:00-04:00,61.77000045776367,61.880001068115234,61.77000045776367,61.880001068115234,61.880001068115234,5371,61.880001068115234,44.74137934374542,26.66655102527063,28.061459588189418,62.095001220703125,-0.265013018435968,49.399379688819735,-0.06134204710562939,61.7135009765625,0.020260227380711187,37.92042600016129,10.959501727913942,0.1293115801291151
2024-04-15 14:20:00-04:00,61.880001068115234,61.900001525878906,61.7599983215332,61.779998779296875,61.779998779296875,8447,61.724998474121094,41.13583645251061,35.02895517291662,28.11806520999175,62.095001220703125,-0.265013018435968,48.53983328503047,-1.739994326252244,61.7135009765625,0.020260227380711187,37.92042600016129,10.959501727913942,0.1303807425507739
2024-04-15 14:25:00-04:00,61.724998474121094,61.880001068115234,61.7135009765625,61.8650016784668,61.8650016784668,5912,61.849998474121094,45.17982742372409,54.820656817691656,38.83872100529295,62.04999923706055,-0.0724727961315733,45.41723634797519,-6.433060696189652,61.7135009765625,0.020260227380711187,37.92042600016129,10.959501727913942,0.13399267745096993
2024-04-15 14:30:00-04:00,61.849998474121094,61.869998931884766,61.84000015258789,61.869998931884766,61.869998931884766,6832,61.86000061035156,45.41723634797519,63.919514096073904,51.256375362227374,61.95000076293945,-0.16115789742245115,45.41723634797519,-6.433060696189652,61.7135009765625,0.020260227380711187,37.92042600016129,10.959501727913942,0.12359328763556043
2024-04-15 14:35:00-04:00,61.86000061035156,61.95000076293945,61.84000015258789,61.85499954223633,61.85499954223633,4463,61.869998931884766,44.790237270686966,71.95101839833683,63.563729770700775,61.95000076293945,-0.16115789742245115,45.41723634797519,-6.433060696189652,61.7135009765625,0.020260227380711187,37.92042600016129,10.959501727913942,0.12223401990716062
2024-04-15 14:40:00-04:00,61.869998931884766,61.8849983215332,61.810001373291016,61.849998474121094,61.849998474121094,4615,61.83000183105469,44.569306635240636,67.16373266715058,67.67808838718709,61.95000076293945,-0.16115789742245115,47.64021029176009,4.894560132970323,61.7135009765625,0.020260227380711187,39.90678108540509,5.23821933127901,0.1175103127406633
2024-04-15 14:45:00-04:00,61.83000183105469,61.83000183105469,61.72999954223633,61.7400016784668,61.7400016784668,4118,61.744998931884766,39.90678108540509,48.3173011930736,62.47735075285365,61.95000076293945,-0.16115789742245115,47.64021029176009,4.894560132970323,61.7135009765625,0.020260227380711187,39.90678108540509,5.23821933127901,0.11775917465507353
2024-04-15 14:50:00-04:00,61.744998931884766,61.779998779296875,61.7400016784668,61.77000045776367,61.77000045776367,5950,61.79999923706055,41.698113509286635,36.04545491433548,50.50882959151988,61.95000076293945,-0.16115789742245115,47.64021029176009,4.894560132970323,61.7135009765625,0.020260227380711187,39.90678108540509,5.23821933127901,0.10998296727257399
2024-04-15 14:55:00-04:00,61.79999923706055,61.79999923706055,61.724998474121094,61.7599983215332,61.7599983215332,6712,61.76499938964844,41.25652553721403,26.425585403929563,36.9294471704462,61.95000076293945,-0.16115789742245115,47.64021029176009,4.894560132970323,61.724998474121094,0.01863044127566229,39.90678108540509,5.23821933127901,0.1064847468392619
2024-04-15 15:00:00-04:00,61.76499938964844,61.803199768066406,61.76499938964844,61.77000045776367,61.77000045776367,5656,61.775001525878906,41.91892528072571,33.20839607330959,31.8931454638582,61.95000076293945,-0.16115789742245115,47.64021029176009,4.894560132970323,61.724998474121094,0.01863044127566229,39.90678108540509,5.23821933127901,0.10015641680865603
2024-04-15 15:05:00-04:00,61.775001525878906,61.875,61.772499084472656,61.86000061035156,61.86000061035156,10420,61.86000061035156,47.64021029176009,55.57183438082185,38.40193861935365,61.8849983215332,-0.10492726490027199,48.20362461292641,1.1826444881662683,61.724998474121094,0.01863044127566229,39.90678108540509,5.23821933127901,0.10064072935142324
2024-04-15 15:10:00-04:00,61.86000061035156,61.8650016784668,61.810001373291016,61.83000183105469,61.83000183105469,5733,61.84000015258789,46.01321412230401,73.63791287025605,54.13938110812915,61.880001068115234,-0.008075064318503715,48.20362461292641,1.1826444881662683,61.724998474121094,0.01863044127566229,39.90678108540509,5.23821933127901,0.09607668693385904
2024-04-15 15:15:00-04:00,61.84000015258789,61.84000015258789,61.810001373291016,61.810001373291016,61.810001373291016,7490,61.790000915527344,44.91193931282748,85.0639101385781,71.42455246321863,61.880001068115234,-0.008075064318503715,48.20362461292641,1.1826444881662683,61.70500183105469,-0.032396344367331284,41.25652553721403,3.3822433558856324,0.08946889617016064
2024-04-15 15:20:00-04:00,61.790000915527344,61.79999923706055,61.724998474121094,61.790000915527344,61.790000915527344,12526,61.790000915527344,43.78342378902669,68.44003647778753,75.7139531622072,61.880001068115234,-0.008075064318503715,48.20362461292641,1.1826444881662683,61.70500183105469,-0.032396344367331284,41.25652553721403,3.3822433558856324,0.08902229647013676
2024-04-15 15:25:00-04:00,61.790000915527344,61.869998931884766,61.790000915527344,61.810001373291016,61.810001373291016,9951,61.83000183105469,45.26457336988791,63.780020836145454,72.427989150837,61.880001068115234,-0.008075064318503715,48.60551276668335,0.8337301540788372,61.70500183105469,-0.032396344367331284,41.91892528072571,1.6055635681540434,0.08811986845886528
2024-04-15 15:30:00-04:00,61.83000183105469,61.880001068115234,61.810001373291016,61.849998474121094,61.849998474121094,8800,61.849998474121094,48.20362461292641,73.13643896602366,68.4521654266522,61.91999816894531,0.06463655484758442,54.44637649691691,12.016875036934463,61.70500183105469,-0.032396344367331284,42.11492895202053,0.46757799724636656,0.08630785109540064
2024-04-15 15:35:00-04:00,61.849998474121094,61.869998931884766,61.75,61.75,61.75,9673,61.75,42.11492895202053,65.29841680378556,67.40495886865153,61.91999816894531,0.06463655484758442,54.44637649691691,12.016875036934463,61.04999923706055,-1.061506481739529,27.51034283906495,-34.677931261842716,0.08967695917433713
2024-04-15 15:40:00-04:00,61.75,61.79999923706055,61.70500183105469,61.7599983215332,61.7599983215332,18939,61.7400016784668,42.89164562180435,54.196739140570095,64.21053163679308,61.91999816894531,0.06463655484758442,54.44637649691691,12.016875036934463,61.04999923706055,-1.061506481739529,27.402967871064522,-0.3903076331275481,0.09020900385748935
2024-04-15 15:45:00-04:00,61.7400016784668,61.83000183105469,61.7400016784668,61.810001373291016,61.810001373291016,25405,61.79999923706055,46.74063022273252,48.31902437936395,55.938060107906516,61.91999816894531,0.06463655484758442,54.44637649691691,12.016875036934463,61.04999923706055,-1.061506481739529,25.676476872479846,-6.30037960380095,0.09018811873052948
2024-04-15 15:50:00-04:00,61.79999923706055,61.845001220703125,61.77000045776367,61.834999084472656,61.834999084472656,30113,61.834999084472656,48.60551276668335,72.78092020239262,58.432227907442204,61.91999816894531,0.06463655484758442,54.44637649691691,12.016875036934463,61.04999923706055,-1.061506481739529,25.676476872479846,-6.30037960380095,0.08866938315142184
2024-04-15 15:55:00-04:00,61.834999084472656,61.91999816894531,61.7599983215332,61.91999816894531,61.91999816894531,64260,61.619998931884766,54.44637649691691,94.12228523879385,71.74074327351678,61.91999816894531,0.06463655484758442,54.44637649691691,12.016875036934463,61.04999923706055,-1.061506481739529,25.676476872479846,-6.30037960380095,0.09580242957749059
2024-04-16 09:30:00-04:00,61.619998931884766,61.619998931884766,61.04999923706055,61.2400016784668,61.2400016784668,11794,61.15999984741211,27.51034283906495,66.66666666666666,77.85662403595103,61.91999816894531,0.06463655484758442,54.44637649691691,12.016875036934463,61.04999923706055,-1.061506481739529,25.676476872479846,-6.30037960380095,0.1732220798082181
2024-04-16 09:35:00-04:00,61.15999984741211,61.27000045776367,61.15999984741211,61.23500061035156,61.23500061035156,932,61.20000076293945,27.402967871064522,33.33333333333333,64.70742841293126,61.91999816894531,0.06463655484758442,54.44637649691691,12.016875036934463,61.04999923706055,-1.061506481739529,25.676476872479846,-6.30037960380095,0.16689993286255253
2024-04-16 09:40:00-04:00,61.20000076293945,61.31999969482422,61.1349983215332,61.154998779296875,61.154998779296875,9751,61.220001220703125,25.676476872479846,0.0,33.33333333333331,61.91999816894531,0.06463655484758442,54.44637649691691,12.016875036934463,61.04999923706055,-1.061506481739529,25.676476872479846,-6.30037960380095,0.16871007690539883
2024-04-16 09:45:00-04:00,61.220001220703125,61.220001220703125,61.099998474121094,61.20000076293945,61.20000076293945,2428,61.220001220703125,28.4088649319082,3.1657949165586405,12.166376083297303,61.91999816894531,0.06463655484758442,54.44637649691691,12.016875036934463,61.04999923706055,-1.061506481739529,25.676476872479846,-6.30037960380095,0.16383934387306207
2024-04-16 09:50:00-04:00,61.220001220703125,61.25,61.15999984741211,61.15999984741211,61.15999984741211,1362,61.2400016784668,27.443098314722764,5.212634918672465,2.7928099450770163,61.91999816894531,0.06463655484758442,54.44637649691691,12.016875036934463,61.04999923706055,-1.061506481739529,25.676476872479846,-6.30037960380095,0.15645542474454494
2024-04-16 09:55:00-04:00,61.2400016784668,61.2599983215332,61.22999954223633,61.22999954223633,61.22999954223633,1521,61.30500030517578,31.811668050316356,12.320979934267974,6.899803256499674,61.83000183105469,-0.14534292724795458,56.98739180937393,4.667005365546976,61.04999923706055,-1.061506481739529,25.676476872479846,-6.30037960380095,0.1508097296821998
2024-04-16 10:00:00-04:00,61.30500030517578,61.310001373291016,61.19499969482422,61.310001373291016,61.310001373291016,2456,61.34000015258789,36.516154614760346,21.714234445272986,13.082616432737789,61.83000183105469,-0.14534292724795458,56.98739180937393,4.667005365546976,61.099998474121094,0.08189883322749449,25.676476872479846,-6.30037960380095,0.1472289245606595
2024-04-16 10:05:00-04:00,61.34000015258789,61.45000076293945,61.27000045776367,61.45000076293945,61.45000076293945,3784,61.474998474121094,43.820643383894,40.68955852004568,24.90825763319553,61.83000183105469,-0.14534292724795458,56.98739180937393,4.667005365546976,61.099998474121094,0.08189883322749449,25.676476872479846,-6.30037960380095,0.15050606262217167
2024-04-16 10:10:00-04:00,61.474998474121094,61.52000045776367,61.38999938964844,61.52000045776367,61.52000045776367,2000,61.599998474121094,47.09821090892055,58.40082742511089,40.268206796809835,61.83000183105469,-0.14534292724795458,56.98739180937393,4.667005365546976,61.099998474121094,0.08189883322749449,27.443098314722764,6.880310920445596,0.14845556317147796
2024-04-16 10:15:00-04:00,61.599998474121094,61.779998779296875,61.540000915527344,61.689998626708984,61.689998626708984,3153,61.7599983215332,54.1015574407681,78.77559764858289,59.288661197913136,61.86000061035156,0.0485181601301649,58.01803001121987,1.8085372380148266,61.15999984741211,0.09820192273233723,27.443098314722764,6.880310920445596,0.15960983900765047
2024-04-16 10:20:00-04:00,61.7599983215332,61.83000183105469,61.66999816894531,61.77000045776367,61.77000045776367,8039,61.775001525878906,56.98739180937393,91.0867669050297,76.08773065957446,61.90999984741211,0.08082644126611935,60.01543559479812,3.4427325146889323,61.19499969482422,0.05722669636924523,31.811668050316356,15.918646231172549,0.15964922131782294
2024-04-16 10:25:00-04:00,61.775001525878906,61.779998779296875,61.59000015258789,61.599998474121094,61.599998474121094,6993,61.58000183105469,49.81920968468803,91.96930068682025,87.27722174681092,61.94499969482422,0.056533431591620976,61.495227901965244,2.465686189729806,61.19499969482422,0.05722669636924523,36.516154614760346,14.788556692478139,0.16268416185693907
2024-04-16 10:30:00-04:00,61.58000183105469,61.66999816894531,61.540000915527344,61.650001525878906,61.650001525878906,4027,61.64500045776367,51.74197806708256,86.78459157986241,89.94688639057078,62.09000015258789,0.23407935826624487,66.2742843916659,7.771426585034137,61.27000045776367,0.12256027994685419,43.820643383894,20.00344462935612,0.15941547101304204
2024-04-16 10:35:00-04:00,61.64500045776367,61.744998931884766,61.59000015258789,61.744998931884766,61.744998931884766,4224,61.7400016784668,55.250150813945865,84.93513961406558,87.8963439602494,62.09000015258789,0.23407935826624487,66.2742843916659,7.771426585034137,61.38999938964844,0.19585267012930185,47.09821090892055,7.479505712212333,0.15897380184142534
2024-04-16 10:40:00-04:00,61.7400016784668,61.86000061035156,61.69499969482422,61.82500076293945,61.82500076293945,6499,61.810001373291016,58.01803001121987,92.56632524494765,88.09535214629186,62.09000015258789,0.23407935826624487,66.2742843916659,7.771426585034137,61.540000915527344,0.24434195694779476,49.81920968468803,5.777286914421028,0.15957651321001717
2024-04-16 10:45:00-04:00,61.810001373291016,61.90999984741211,61.790000915527344,61.8849983215332,61.8849983215332,4711,61.869998931884766,60.01543559479812,98.15054803420318,91.88400429773878,62.09000015258789,0.23407935826624487,66.2742843916659,7.771426585034137,61.540000915527344,0.24434195694779476,49.81920968468803,5.777286914421028,0.155618755077492
2024-04-16 10:50:00-04:00,61.869998931884766,61.94499969482422,61.869998931884766,61.93000030517578,61.93000030517578,2644,61.97999954223633,61.495227901965244,100.0,96.9056244263836,62.09000015258789,0.23407935826624487,66.2742843916659,7.771426585034137,61.540000915527344,0.24434195694779476,49.81920968468803,5.777286914421028,0.14755695586368814
2024-04-16 10:55:00-04:00,61.97999954223633,62.09000015258789,61.939998626708984,62.09000015258789,62.09000015258789,5479,62.04999923706055,66.2742843916659,100.0,99.38351601140103,62.09000015258789,0.23407935826624487,66.2742843916659,7.771426585034137,61.540000915527344,0.24434195694779476,51.74197806708256,3.8594919400848986,0.14880124501853026
2024-04-16 11:00:00-04:00,62.04999923706055,62.07500076293945,61.9900016784668,61.9900016784668,61.9900016784668,6977,61.90999984741211,61.16468514303581,95.05783387809764,98.3526112926992,62.09000015258789,0.23407935826624487,66.2742843916659,7.771426585034137,61.59000015258789,0.08124672784645899,55.250150813945865,6.780128781151385,0.14392096792878661
2024-04-16 11:05:00-04:00,61.90999984741211,61.959999084472656,61.869998931884766,61.93000030517578,61.93000030517578,2777,61.970001220703125,58.26212890758787,86.08308138284727,93.71363842031495,62.09000015258789,0.23407935826624487,66.2742843916659,7.771426585034137,61.69499969482422,0.1704814774739309,55.72369863211981,0.8570977838026432,0.14152914579411108
2024-04-16 11:10:00-04:00,61.970001220703125,61.9900016784668,61.91999816894531,61.94969940185547,61.94969940185547,4627,61.92499923706055,58.95086635767615,75.21117270746451,85.45069598946979,62.09000015258789,0.23407935826624487,66.2742843916659,7.771426585034137,61.790000915527344,0.15398528433916978,55.72369863211981,0.8570977838026432,0.1343765821668484
2024-04-16 11:15:00-04:00,61.92499923706055,62.029998779296875,61.89500045776367,61.970001220703125,61.970001220703125,7030,62.0,59.689142378737294,68.70653591834355,76.66693000288508,62.09000015258789,0.23407935826624487,66.2742843916659,7.771426585034137,61.869998931884766,0.12946757593803337,53.33829503516808,-4.280770400220271,0.13443875610348385
2024-04-16 11:20:00-04:00,62.0,62.040000915527344,61.98500061035156,62.02000045776367,62.02000045776367,3179,62.029998779296875,61.52446552338267,68.05949705567919,70.65906856049573,62.09000015258789,0.23407935826624487,66.2742843916659,7.771426585034137,61.869998931884766,0.12946757593803337,53.33829503516808,-4.280770400220271,0.12799484997555735
2024-04-16 11:25:00-04:00,62.029998779296875,62.04499816894531,61.904998779296875,61.93000030517578,61.93000030517578,4253,61.904998779296875,56.53480547873237,59.20197253923845,65.32266850442038,62.11000061035156,0.03221204334759252,61.52446552338267,-7.166910834091971,61.869998931884766,0.12946757593803337,53.33829503516808,-4.280770400220271,0.12919530394284537
2024-04-16 11:30:00-04:00,61.904998779296875,61.94499969482422,61.88999938964844,61.915000915527344,61.915000915527344,5555,61.94499969482422,55.72369863211981,49.276268898484474,58.84591283113402,62.189998626708984,0.12880054028543836,61.52446552338267,-7.166910834091971,61.869998931884766,0.12946757593803337,53.33829503516808,-4.280770400220271,0.12177580406613894
2024-04-16 11:35:00-04:00,61.94499969482422,62.04999923706055,61.91999816894531,62.04990005493164,62.04990005493164,5950,62.040000915527344,61.12559442123576,47.088303760693165,51.85551506613868,62.189998626708984,0.12880054028543836,61.52446552338267,-7.166910834091971,61.88999938964844,0.032326584950633674,53.33829503516808,-4.280770400220271,0.12309805581284536
2024-04-16 11:40:00-04:00,62.040000915527344,62.04999923706055,61.900001525878906,61.900001525878906,61.900001525878906,6507,61.915000915527344,53.33829503516808,33.48440361918332,43.28299209278697,62.189998626708984,0.12880054028543836,61.52446552338267,-7.166910834091971,61.88999938964844,0.032326584950633674,53.33829503516808,-4.280770400220271,0.1257880213497249
2024-04-16 11:45:00-04:00,61.915000915527344,61.98500061035156,61.90999984741211,61.96500015258789,61.96500015258789,5300,61.974998474121094,55.958398106489106,28.275033308188195,36.28258022935488,62.189998626708984,0.12880054028543836,61.52446552338267,-7.166910834091971,61.88999938964844,0.032326584950633674,52.42651831878897,-1.7094223123891337,0.12170912766201802
2024-04-16 11:50:00-04:00,61.974998474121094,62.11000061035156,61.974998474121094,62.099998474121094,62.099998474121094,4314,62.119998931884766,60.8725461106004,26.165642397380708,29.30835977491739,62.189998626708984,0.12880054028543836,61.12559442123576,-0.6483129902125196,61.88999938964844,0.032326584950633674,52.42651831878897,-1.7094223123891337,0.1240382606721834
2024-04-16 11:55:00-04:00,62.119998931884766,62.189998626708984,62.060001373291016,62.06999969482422,62.06999969482422,8719,62.03499984741211,59.289396165429494,41.50038272597707,31.980352810515303,62.189998626708984,0.12880054028543836,61.12559442123576,-0.6483129902125196,61.88999938964844,0.032326584950633674,52.42651831878897,-1.7094223123891337,0.12463415994676194
2024-04-16 12:00:00-04:00,62.03499984741211,62.06999969482422,62.029998779296875,62.03499984741211,62.03499984741211,3330,62.02000045776367,57.41327804437969,45.249303399394776,37.6384428409175,62.189998626708984,0.12880054028543836,61.12559442123576,-0.6483129902125196,61.900001525878906,0.01616115095994278,52.42651831878897,-1.7094223123891337,0.11617083550482013
2024-04-16 12:05:00-04:00,62.02000045776367,62.029998779296875,61.96500015258789,61.974998474121094,61.974998474121094,4210,61.974998474121094,54.24431549279497,29.52434944793822,38.75801185777001,62.189998626708984,0.12880054028543836,60.8725461106004,-0.41398094044128453,61.900001525878906,0.01616115095994278,52.42651831878897,-1.7094223123891337,0.11155372143675998
2024-04-16 12:10:00-04:00,61.974998474121094,61.974998474121094,61.939998626708984,61.939998626708984,61.939998626708984,1682,61.970001220703125,52.42651831878897,14.189609119341853,29.654420655558265,62.189998626708984,0.12880054028543836,60.8725461106004,-0.41398094044128453,61.90999984741211,0.016152376876797114,52.42651831878897,-1.7094223123891337,0.10389833403429491
2024-04-16 12:15:00-04:00,61.970001220703125,61.97999954223633,61.93000030517578,61.970001220703125,61.970001220703125,3938,61.94499969482422,53.85410217544106,8.91965676075247,17.544538442677496,62.189998626708984,0.12880054028543836,60.8725461106004,-0.41398094044128453,61.93000030517578,0.03230569829262875,52.42651831878897,-1.7094223123891337,0.09850842433692011
2024-04-16 12:20:00-04:00,61.94499969482422,62.02000045776367,61.94499969482422,61.9900016784668,61.9900016784668,4764,61.9900016784668,54.82725048203009,14.026299683516234,12.378521854536835,62.189998626708984,0.12880054028543836,59.289396165429494,-2.600761831605427,61.93000030517578,0.03230569829262875,52.42651831878897,-1.7094223123891337,0.09615765819717341
2024-04-16 12:25:00-04:00,61.9900016784668,62.040000915527344,61.95000076293945,61.95000076293945,61.95000076293945,3923,61.959999084472656,52.44511922776819,14.09445025477852,12.346802233015724,62.08760070800781,-0.1646533541764618,58.497080698257896,-1.3363527349154918,61.93000030517578,0.03230569829262875,52.42651831878897,-1.7094223123891337,0.09554190763624512
2024-04-16 12:30:00-04:00,61.959999084472656,61.97999954223633,61.93000030517578,61.97999954223633,61.97999954223633,1921,61.96500015258789,54.057265328828116,15.112761890108983,14.411170609467895,62.08760070800781,-0.1646533541764618,58.497080698257896,-1.3363527349154918,61.93000030517578,0.03230569829262875,52.42651831878897,-1.7094223123891337,0.0909876405786753
2024-04-16 12:35:00-04:00,61.96500015258789,62.0,61.939998626708984,61.994998931884766,61.994998931884766,4562,61.997501373291016,54.88088099503159,15.721574138594699,14.976262094494052,62.08760070800781,-0.1646533541764618,58.497080698257896,-1.3363527349154918,61.93000030517578,0.03230569829262875,52.42651831878897,-1.7094223123891337,0.08788901384990933
2024-04-16 12:40:00-04:00,61.997501373291016,62.04999923706055,61.97999954223633,62.025001525878906,62.025001525878906,3191,62.0,56.558459583386934,31.48629752596568,20.773544518223105,62.08760070800781,-0.1646533541764618,58.497080698257896,-1.3363527349154918,61.93000030517578,0.03230569829262875,52.44511922776819,0.03547996238489519,0.08610008194734027
2024-04-16 12:45:00-04:00,62.0,62.060001373291016,61.97999954223633,62.060001373291016,62.060001373291016,4477,62.060001373291016,58.497080698257896,49.19581512754682,32.134562264035715,62.08760070800781,-0.1646533541764618,58.497080698257896,-1.3363527349154918,61.93000030517578,0.03230569829262875,52.44511922776819,0.03547996238489519,0.085490256858075
2024-04-16 12:50:00-04:00,62.060001373291016,62.08760070800781,62.060001373291016,62.060001373291016,62.060001373291016,2345,62.040000915527344,58.497080698257896,63.74938200323492,48.14383155224913,62.08760070800781,-0.1646533541764618,58.497080698257896,-1.3363527349154918,61.91999816894531,-0.01615071238685724,49.44631686975743,-5.717981772502056,0.07970116464394719
2024-04-16 12:55:00-04:00,62.040000915527344,62.08000183105469,62.029998779296875,62.060001373291016,62.060001373291016,2747,62.07500076293945,58.497080698257896,71.87476206690249,61.60665306589473,62.08760070800781,-0.1646533541764618,58.497080698257896,-1.3363527349154918,61.91999816894531,-0.01615071238685724,49.44631686975743,-5.717981772502056,0.07673135335533372
2024-04-16 13:00:00-04:00,62.07500076293945,62.07500076293945,62.02000045776367,62.02000045776367,62.02000045776367,3910,62.0,54.99391870980646,60.38649730367157,65.33688045793632,62.08760070800781,-0.1646533541764618,58.497080698257896,-1.3363527349154918,61.837501525878906,-0.13323101664395837,41.680054972367635,-15.706451742090888,0.07455824853737848
2024-04-16 13:05:00-04:00,62.0,62.040000915527344,62.0,62.02000045776367,62.02000045776367,2447,62.0099983215332,54.99391870980646,50.52578609278372,60.92901515445258,62.08760070800781,-0.1646533541764618,58.497080698257896,-1.3363527349154918,61.65999984741211,-0.28704535934802067,34.45544500407297,-17.333494337002,0.07110251523637501
2024-04-16 13:10:00-04:00,62.0099983215332,62.02000045776367,61.988800048828125,62.02000045776367,62.02000045776367,3874,61.970001220703125,54.993918709806465,40.66507488189592,50.525786092783726,62.08760070800781,-0.1646533541764618,58.497080698257896,-1.3363527349154918,61.65999984741211,-0.28704535934802067,34.45544500407297,-17.333494337002,0.0671123046062922
2024-04-16 13:15:00-04:00,61.970001220703125,61.970001220703125,61.91999816894531,61.959999084472656,61.959999084472656,2655,61.970001220703125,49.44631686975743,28.195085622826,39.79531553250187,62.08760070800781,-0.1646533541764618,58.497080698257896,-1.3363527349154918,61.65999984741211,-0.28704535934802067,34.45544500407297,-17.333494337002,0.07040130302749892
2024-04-16 13:20:00-04:00,61.970001220703125,62.06999969482422,61.95000076293945,62.04999923706055,62.04999923706055,8352,62.02000045776367,56.529829861733305,40.18562821576381,36.3485962401619,62.08000183105469,-0.012238960543606459,58.497080698257896,-1.3363527349154918,61.65999984741211,-0.28704535934802067,34.45544500407297,-17.333494337002,0.07536106591322558
2024-04-16 13:25:00-04:00,62.02000045776367,62.04990005493164,61.837501525878906,61.837501525878906,61.837501525878906,6228,61.880001068115234,41.680054972367635,26.088085404350796,31.489599747646864,62.07500076293945,-0.008055844020179552,56.529829861733305,-3.362989764689537,61.65999984741211,-0.28704535934802067,34.45544500407297,-17.333494337002,0.08907473044006708
2024-04-16 13:30:00-04:00,61.880001068115234,61.880001068115234,61.65999984741211,61.68000030517578,61.68000030517578,9304,61.72999954223633,34.45544500407297,26.088085404350796,30.78726634148846,62.06999969482422,-0.008056493038692245,56.529829861733305,-3.362989764689537,61.65999984741211,-0.28704535934802067,34.45544500407297,-17.333494337002,0.10216737946637289
2024-04-16 13:35:00-04:00,61.72999954223633,61.91999816894531,61.72999954223633,61.89500045776367,61.89500045776367,7306,61.935001373291016,47.765579189374776,18.454282610120956,23.543484472940843,62.06999969482422,-0.008056493038692245,56.529829861733305,-3.362989764689537,61.65999984741211,-0.28704535934802067,34.45544500407297,-17.333494337002,0.11595042789668872
2024-04-16 13:40:00-04:00,61.935001373291016,61.97249984741211,61.90999984741211,61.91999816894531,61.91999816894531,2607,61.92499923706055,49.06080082069486,38.70436875568018,27.7489122567173,62.08000183105469,0.016114284323579253,57.51963150056532,1.7509368792599864,61.65999984741211,-0.28704535934802067,34.45544500407297,-17.333494337002,0.1121053240718636
2024-04-16 13:45:00-04:00,61.92499923706055,61.970001220703125,61.90999984741211,61.90999984741211,61.90999984741211,4023,61.869998931884766,48.542335739926514,58.235611575486615,38.464754313762576,62.09000015258789,0.016105543231800613,57.51963150056532,1.7509368792599864,61.65999984741211,-0.28704535934802067,34.45544500407297,-17.333494337002,0.10689492899377881
2024-04-16 13:50:00-04:00,61.869998931884766,61.91999816894531,61.77000045776367,61.91999816894531,61.91999816894531,5608,61.86000061035156,49.12137093581887,60.11539458150455,52.351791637557106,62.09000015258789,0.016105543231800613,57.51963150056532,1.7509368792599864,61.65999984741211,-0.28704535934802067,34.45544500407297,-17.333494337002,0.111205207212565
2024-04-16 13:55:00-04:00,61.86000061035156,61.88999938964844,61.81999969482422,61.83000183105469,61.83000183105469,3523,61.880001068115234,44.290274693811924,53.501138397545034,57.284048184845396,62.09000015258789,0.016105543231800613,57.51963150056532,1.7509368792599864,61.65999984741211,-0.28704535934802067,34.45544500407297,-17.333494337002,0.11008453390341785
2024-04-16 14:00:00-04:00,61.880001068115234,61.90999984741211,61.845001220703125,61.88999938964844,61.88999938964844,4731,61.90999984741211,47.96452040732681,52.70000692164818,55.43884663356591,62.09000015258789,0.016105543231800613,57.51963150056532,1.7509368792599864,61.70000076293945,0.06487336300086384,41.85419307716864,21.47337836507717,0.10707588214881825
2024-04-16 14:05:00-04:00,61.90999984741211,62.08000183105469,61.90999984741211,62.08000183105469,62.08000183105469,5624,62.09000015258789,57.51963150056532,65.69927463884262,57.30013998601194,62.09000015258789,0.016105543231800613,57.51963150056532,1.7509368792599864,61.70000076293945,0.06487336300086384,41.85419307716864,21.47337836507717,0.11536853807456142
2024-04-16 14:10:00-04:00,62.09000015258789,62.09000015258789,61.90999984741211,61.92499923706055,61.92499923706055,10849,61.92499923706055,49.52933105337941,73.8488594104541,64.08271365698162,62.09000015258789,0.016105543231800613,57.51963150056532,1.7509368792599864,61.70000076293945,0.06487336300086384,41.85419307716864,21.47337836507717,0.1218317147846834
2024-04-16 14:15:00-04:00,61.92499923706055,61.92499923706055,61.83000183105469,61.875,61.875,3862,61.84000015258789,47.24924628005656,73.6088882931527,71.05234078081646,62.09000015258789,0.016105543231800613,57.51963150056532,1.7509368792599864,61.70000076293945,0.06487336300086384,41.85419307716864,21.47337836507717,0.11914828390680099
2024-04-16 14:20:00-04:00,61.84000015258789,61.84000015258789,61.70000076293945,61.744998931884766,61.744998931884766,6932,61.78990173339844,41.85419307716864,50.96853716438846,66.14209495599842,62.09000015258789,0.016105543231800613,57.51963150056532,1.7509368792599864,61.70000076293945,0.06487336300086384,41.85419307716864,21.47337836507717,0.12473337922217557
2024-04-16 14:25:00-04:00,61.78990173339844,61.84000015258789,61.72999954223633,61.76499938964844,61.76499938964844,3141,61.790000915527344,42.93378008883362,41.43636923591509,55.33793156448541,62.09000015258789,0.016105543231800613,57.51963150056532,1.7509368792599864,61.70000076293945,0.06487336300086384,41.85419307716864,21.47337836507717,0.12326010233511427
2024-04-16 14:30:00-04:00,61.790000915527344,61.8849983215332,61.7400016784668,61.86000061035156,61.86000061035156,6379,61.85499954223633,47.88358118960464,42.353136752868345,44.91934771772395,62.09000015258789,0.016105543231800613,57.51963150056532,1.7509368792599864,61.70000076293945,0.06487336300086384,41.85419307716864,21.47337836507717,0.12543375640824345
2024-04-16 14:35:00-04:00,61.85499954223633,61.88999938964844,61.834999084472656,61.869998931884766,61.869998931884766,3081,61.8849983215332,48.390942292283384,51.80032191749412,45.196609302092504,62.09000015258789,0.016105543231800613,56.40566714752722,-1.9366680974427852,61.70000076293945,0.06487336300086384,41.85419307716864,21.47337836507717,0.11839041128499724
2024-04-16 14:40:00-04:00,61.8849983215332,61.95500183105469,61.86000061035156,61.92499923706055,61.92499923706055,6546,61.94499969482422,51.20504662046373,59.44406807813115,51.199175582831195,62.040000915527344,-0.08052703645944978,56.40566714752722,-1.9366680974427852,61.70000076293945,0.06487336300086384,41.85419307716864,21.47337836507717,0.11605149222681002
2024-04-16 14:45:00-04:00,61.94499969482422,61.94499969482422,61.88999938964844,61.915000915527344,61.915000915527344,3101,61.91999816894531,50.6642147655244,58.78335700489464,56.675915666839956,62.040000915527344,-0.08052703645944978,56.40566714752722,-1.9366680974427852,61.70000076293945,0.06487336300086384,41.85419307716864,21.47337836507717,0.10994637352170715
2024-04-16 14:50:00-04:00,61.91999816894531,62.02000045776367,61.91999816894531,62.02000045776367,62.02000045776367,3650,62.0,55.9286397638821,68.59116876086522,62.27286461463033,62.040000915527344,-0.08052703645944978,56.40566714752722,-1.9366680974427852,61.72999954223633,0.04862038723813757,42.93378008883362,2.57939989351723,0.10945169039316924
2024-04-16 14:55:00-04:00,62.0,62.040000915527344,61.98500061035156,62.029998779296875,62.029998779296875,6944,62.029998779296875,56.40566714752722,79.65718637770222,69.01057071448736,62.040000915527344,-0.08052703645944978,56.40566714752722,-1.9366680974427852,61.7400016784668,0.016203039534489518,46.76056026161307,8.91321510675631,0.10400655187143044
2024-04-16 15:00:00-04:00,62.029998779296875,62.029998779296875,61.880001068115234,61.880001068115234,61.880001068115234,6308,61.875,48.00990842156938,74.00928328424703,74.0858794742715,62.040000915527344,-0.08052703645944978,56.40566714752722,-1.9366680974427852,61.775001525878906,0.05668909371655614,46.76056026161307,8.91321510675631,0.10860566780245147
2024-04-16 15:05:00-04:00,61.875,61.88999938964844,61.775001525878906,61.85499954223633,61.85499954223633,8314,61.880001068115234,46.76056026161307,54.5012017473007,69.38922380308331,62.040000915527344,-0.08052703645944978,56.40566714752722,-1.9366680974427852,61.775001525878906,0.05668909371655614,44.78426278262745,-4.226419589347851,0.10924488739915945
2024-04-16 15:10:00-04:00,61.880001068115234,61.96989822387695,61.86000061035156,61.93000030517578,61.93000030517578,8686,61.93000030517578,50.889256771453915,42.76323815513716,57.0912410622283,62.040000915527344,-0.08052703645944978,56.40566714752722,-1.9366680974427852,61.76499938964844,-0.016191235910012296,43.86517786402844,-2.052249744648113,0.10981026682330601
2024-04-16 15:15:00-04:00,61.93000030517578,61.9900016784668,61.85499954223633,61.9900016784668,61.9900016784668,7028,61.96500015258789,53.964985044136384,57.40736184910023,51.55726725051269,62.040000915527344,-0.08052703645944978,56.40566714752722,-1.9366680974427852,61.709999084472656,-0.0890476899850809,43.86517786402844,-2.052249744648113,0.11232945376402229
2024-04-16 15:20:00-04:00,61.96500015258789,62.0,61.93000030517578,61.95000076293945,61.95000076293945,7613,61.95000076293945,51.64291338974704,69.39066863923354,56.52042288115697,62.040000915527344,-0.08052703645944978,56.40566714752722,-1.9366680974427852,61.709999084472656,-0.0890476899850809,41.705801728619505,-4.922757049116462,0.10809647787004192
2024-04-16 15:25:00-04:00,61.95000076293945,62.02000045776367,61.95000076293945,62.0,62.0,6882,61.9900016784668,54.290488360387336,78.65367544379814,68.4839019773773,62.040000915527344,-0.08052703645944978,54.290488360387336,-3.7499401994620505,61.68000030517578,-0.048612509709829554,41.705801728619505,-4.922757049116462,0.10428679956545961
2024-04-16 15:30:00-04:00,61.9900016784668,62.040000915527344,61.81999969482422,61.81999969482422,61.81999969482422,8319,61.76499938964844,44.78426278262745,55.489885962157615,67.84474334839642,62.040000915527344,-0.08052703645944978,54.290488360387336,-3.7499401994620505,61.68000030517578,-0.048612509709829554,41.444662575993235,-0.6261458641306274,0.11585824167922616
2024-04-16 15:35:00-04:00,61.76499938964844,61.849998474121094,61.76499938964844,61.79999923706055,61.79999923706055,9811,61.79499816894531,43.86517786402844,33.06668158380518,55.73674766325363,62.380001068115234,0.5480337646203928,65.24263016831588,20.173223963702085,61.68000030517578,-0.048612509709829554,41.444662575993235,-0.6261458641306274,0.11277232595856916
2024-04-16 15:40:00-04:00,61.79499816894531,61.80500030517578,61.709999084472656,61.80500030517578,61.80500030517578,10651,61.810001373291016,44.17369310701954,5.398678841472073,31.31841546247828,62.380001068115234,0.5480337646203928,65.24263016831588,20.173223963702085,61.68000030517578,-0.048612509709829554,41.444662575993235,-0.6261458641306274,0.11099521543302475
2024-04-16 15:45:00-04:00,61.810001373291016,61.84000015258789,61.7400016784668,61.755001068115234,61.755001068115234,12532,61.7400016784668,41.705801728619505,0.8200510522797964,13.095137159185674,62.380001068115234,0.5480337646203928,65.24263016831588,20.173223963702085,61.68000030517578,-0.048612509709829554,41.444662575993235,-0.6261458641306274,0.10989554130183166
2024-04-16 15:50:00-04:00,61.7400016784668,61.939998626708984,61.68000030517578,61.787498474121094,61.787498474121094,32732,61.79499816894531,43.899607783997304,5.794713501810375,4.004481131854072,62.380001068115234,0.5480337646203928,65.24263016831588,20.173223963702085,61.65999984741211,-0.0324261635290452,41.444662575993235,-0.6261458641306274,0.1249058193249688
2024-04-16 15:55:00-04:00,61.79499816894531,61.79499816894531,61.689998626708984,61.7400016784668,61.7400016784668,54613,62.380001068115234,41.444662575993235,4.974662449530582,3.863142334540242,62.380001068115234,0.5480337646203928,65.24263016831588,20.173223963702085,61.65999984741211,-0.0324261635290452,41.444662575993235,-0.6261458641306274,0.12291519161610473
2024-04-17 09:30:00-04:00,62.380001068115234,62.380001068115234,62.099998474121094,62.279998779296875,62.279998779296875,8891,62.220001220703125,65.24263016831588,38.30799578286392,16.359123911401614,62.380001068115234,0.5480337646203928,65.24263016831588,20.173223963702085,61.65999984741211,-0.0324261635290452,41.444662575993235,-0.6261458641306274,0.174623611419338
2024-04-17 09:35:00-04:00,62.220001220703125,62.2400016784668,62.029998779296875,62.05500030517578,62.05500030517578,4196,62.029998779296875,55.17967873783064,52.571693511996095,31.951450581463522,62.380001068115234,0.5480337646203928,65.24263016831588,20.173223963702085,61.65999984741211,-0.0324261635290452,41.444662575993235,-0.6261458641306274,0.1821612502774042
2024-04-17 09:40:00-04:00,62.029998779296875,62.22999954223633,62.0,62.06999969482422,62.06999969482422,5414,61.97999954223633,55.670547036780526,72.4976030189024,54.459097437920796,62.380001068115234,0.5480337646203928,65.24263016831588,20.173223963702085,61.6349983215332,-0.04054739854164235,41.444662575993235,-0.6261458641306274,0.18694507947329658
2024-04-17 09:45:00-04:00,61.97999954223633,61.97999954223633,61.65999984741211,61.8025016784668,61.8025016784668,6716,61.939998626708984,45.9957955661834,45.538949893776405,56.86941547489162,62.380001068115234,0.5480337646203928,65.24263016831588,20.173223963702085,61.630001068115234,-0.008107817886031932,41.444662575993235,-0.6261458641306274,0.20925055626717787
2024-04-17 09:50:00-04:00,61.939998626708984,62.11000061035156,61.89390182495117,62.11000061035156,62.11000061035156,1998,61.9900016784668,55.55723228289813,46.067781531188004,54.701444814622256,62.380001068115234,0.5480337646203928,65.24263016831588,20.173223963702085,61.529998779296875,-0.16226235126595892,41.444662575993235,-0.6261458641306274,0.21907539382893662
2024-04-17 09:55:00-04:00,61.9900016784668,61.9900016784668,61.79999923706055,61.79999923706055,61.79999923706055,1898,61.77000045776367,46.599786315706105,33.362549896196484,41.656427107053624,62.380001068115234,0.5480337646203928,65.24263016831588,20.173223963702085,61.529998779296875,-0.16226235126595892,42.158124830489726,1.7214816339457022,0.22816799177514452
2024-04-17 10:00:00-04:00,61.77000045776367,61.790000915527344,61.70000076293945,61.790000915527344,61.790000915527344,3450,61.790000915527344,46.340278525630744,33.84506023118054,37.75846388618833,62.2400016784668,-0.22442992505813927,55.670547036780526,-14.671516318150978,61.52000045776367,-0.01624950712101636,40.430791303741806,-4.097273144128726,0.21535104000973945
2024-04-17 10:05:00-04:00,61.790000915527344,61.790000915527344,61.6349983215332,61.70000076293945,61.70000076293945,4623,61.685001373291016,43.966764453254505,17.61052565775648,28.272711928377827,62.22999954223633,-0.016070269859792104,55.670547036780526,-14.671516318150978,61.400001525878906,-0.19505677989575188,40.430791303741806,-4.097273144128726,0.20931619540817956
2024-04-17 10:10:00-04:00,61.685001373291016,61.685001373291016,61.630001068115234,61.630001068115234,61.630001068115234,2303,61.529998779296875,42.158124830489726,11.389179979131828,20.948255289356272,62.11000061035156,-0.19283132374654888,55.55723228289813,-0.20354524953299646,61.400001525878906,-0.19505677989575188,40.20255316873053,-0.5645156269552193,0.19538454534978347
2024-04-17 10:15:00-04:00,61.529998779296875,61.65999984741211,61.529998779296875,61.65999984741211,61.65999984741211,2229,61.619998931884766,43.235815339096476,7.04082099358582,12.0135088768247,62.11000061035156,-0.19283132374654888,55.55723228289813,-0.20354524953299646,61.400001525878906,-0.19505677989575188,39.88525092876776,-0.7892589274891333,0.18884619762632857
2024-04-17 10:20:00-04:00,61.619998931884766,61.66999816894531,61.61000061035156,61.66999816894531,61.66999816894531,2511,61.689998626708984,43.612900678302125,6.545171139482958,8.325057370733527,61.9900016784668,-0.19320388134848288,46.599786315706105,-16.12291613372782,61.400001525878906,-0.19505677989575188,37.79674519812344,-5.236285799916979,0.1759613337230707
2024-04-17 10:25:00-04:00,61.689998626708984,61.689998626708984,61.52000045776367,61.560001373291016,61.560001373291016,3167,61.400001525878906,40.430791303741806,5.545838946192836,6.377277026420529,61.790000915527344,-0.3226339047010004,46.340278525630744,-0.5568862232913195,61.36000061035156,-0.06514806927241548,37.79674519812344,-5.236285799916979,0.1753650172452949
2024-04-17 10:30:00-04:00,61.400001525878906,61.58000183105469,61.400001525878906,61.58000183105469,61.58000183105469,4979,61.57500076293945,41.269875682856394,4.1642708475953745,5.418426977757047,61.790000915527344,-0.3226339047010004,46.9939612160098,1.4106145046528062,61.36000061035156,-0.06514806927241548,37.79674519812344,-5.236285799916979,0.17582854603834355
2024-04-17 10:35:00-04:00,61.57500076293945,61.61000061035156,61.54499816894531,61.54499816894531,61.54499816894531,2866,61.52000045776367,40.20255316873053,1.1272634590479362,3.6124577509453726,61.810001373291016,0.032368437396552804,53.034307775048276,12.853452662297945,61.36000061035156,-0.06514806927241548,37.79674519812344,-5.236285799916979,0.1647459355751342
2024-04-17 10:40:00-04:00,61.52000045776367,61.55500030517578,61.4900016784668,61.53499984741211,61.53499984741211,3240,61.4901008605957,39.88525092876776,1.1272634590479362,2.139599255230406,61.810001373291016,0.032368437396552804,53.034307775048276,12.853452662297945,61.36000061035156,-0.06514806927241548,37.79674519812344,-5.236285799916979,0.1547712046885192
2024-04-17 10:45:00-04:00,61.4901008605957,61.4901008605957,61.470001220703125,61.470001220703125,61.470001220703125,1975,61.494998931884766,37.79674519812344,0.0,0.7515089726986147,61.810001373291016,0.032368437396552804,53.034307775048276,12.853452662297945,61.36000061035156,-0.06514806927241548,37.79674519812344,-5.236285799916979,0.14579394689056574
2024-04-17 10:50:00-04:00,61.494998931884766,61.540000915527344,61.36000061035156,61.529998779296875,61.529998779296875,10639,61.58000183105469,40.87435337355404,5.7761332046441165,2.301132221230675,61.810001373291016,0.032368437396552804,53.034307775048276,12.853452662297945,61.36000061035156,-0.06514806927241548,37.79674519812344,-5.236285799916979,0.1492145827190873
2024-04-17 10:55:00-04:00,61.58000183105469,61.689998626708984,61.58000183105469,61.65999984741211,61.65999984741211,4089,61.720001220703125,46.9939612160098,23.03770186543223,9.604611690025438,61.810001373291016,0.032368437396552804,53.034307775048276,12.853452662297945,61.36000061035156,-0.06514806927241548,37.79674519812344,-5.236285799916979,0.1502931091883895
2024-04-17 11:00:00-04:00,61.720001220703125,61.810001373291016,61.709999084472656,61.810001373291016,61.810001373291016,4578,61.779998779296875,53.034307775048276,56.37103519876556,28.394956756280624,61.810001373291016,0.032368437396552804,53.034307775048276,12.853452662297945,61.36000061035156,-0.06514806927241548,37.79674519812344,-5.236285799916979,0.15026395085744118
2024-04-17 11:05:00-04:00,61.779998779296875,61.810001373291016,61.599998474121094,61.599998474121094,61.599998474121094,5035,61.560001373291016,45.25841682563665,66.91787926349319,48.77553877589699,61.810001373291016,0.032368437396552804,53.034307775048276,12.853452662297945,61.310001373291016,-0.08148506610691249,37.79674519812344,-5.236285799916979,0.15623784568868926
2024-04-17 11:10:00-04:00,61.560001373291016,61.560001373291016,61.5099983215332,61.529998779296875,61.529998779296875,2363,61.5099983215332,42.995484117711094,61.02894953001056,61.439287997423094,61.810001373291016,0.032368437396552804,53.034307775048276,12.853452662297945,61.310001373291016,-0.08148506610691249,37.79674519812344,-5.236285799916979,0.1496140763786094
2024-04-17 11:15:00-04:00,61.5099983215332,61.619998931884766,61.5099983215332,61.560001373291016,61.560001373291016,5788,61.47999954223633,44.28142100836462,41.881340406185025,56.60938973322959,61.810001373291016,0.032368437396552804,53.034307775048276,12.853452662297945,61.310001373291016,-0.08148506610691249,38.512319912926216,1.8932178182324135,0.1456527297759047
2024-04-17 11:20:00-04:00,61.47999954223633,61.47999954223633,61.43000030517578,61.44499969482422,61.44499969482422,2215,61.46500015258789,40.50922393148913,31.492117785721412,44.80080257397233,61.810001373291016,0.032368437396552804,53.034307775048276,12.853452662297945,61.310001373291016,-0.08148506610691249,38.512319912926216,1.8932178182324135,0.14408756360983768
2024-04-17 11:25:00-04:00,61.46500015258789,61.5099983215332,61.380001068115234,61.380001068115234,61.380001068115234,5196,61.380001068115234,38.512319912926216,21.684853266101534,31.686103819335987,61.810001373291016,0.032368437396552804,53.034307775048276,12.853452662297945,61.310001373291016,-0.08148506610691249,38.512319912926216,1.8932178182324135,0.1426785325906508
2024-04-17 11:30:00-04:00,61.380001068115234,61.439998626708984,61.310001373291016,61.415000915527344,61.415000915527344,3826,61.4900016784668,40.22114462633044,12.802688196422787,21.993219749415243,61.810001373291016,0.032368437396552804,49.504760197025696,-6.655215701114837,61.310001373291016,-0.08148506610691249,38.512319912926216,1.8932178182324135,0.1414104046733826
2024-04-17 11:35:00-04:00,61.4900016784668,61.630001068115234,61.45000076293945,61.630001068115234,61.630001068115234,5716,61.56999969482422,49.504760197025696,32.48111165407616,22.322884372200154,61.654998779296875,-0.2507726752148552,49.504760197025696,-6.655215701114837,61.310001373291016,-0.08148506610691249,38.512319912926216,1.8932178182324135,0.1487693794648334
2024-04-17 11:40:00-04:00,61.56999969482422,61.630001068115234,61.56999969482422,61.599998474121094,61.599998474121094,2171,61.6150016784668,48.37573953302961,54.05809631573975,33.11396538874623,61.654998779296875,-0.2507726752148552,49.504760197025696,-6.655215701114837,61.310001373291016,-0.08148506610691249,38.512319912926216,1.8932178182324135,0.13989257884745163
2024-04-17 11:45:00-04:00,61.6150016784668,61.654998779296875,61.47999954223633,61.47999954223633,61.47999954223633,10317,61.45000076293945,44.04869618064099,62.431158028612465,49.65678866614278,61.654998779296875,-0.2507726752148552,49.504760197025696,-6.655215701114837,61.310001373291016,-0.08148506610691249,38.512319912926216,1.8932178182324135,0.14340324466876114
2024-04-17 11:50:00-04:00,61.45000076293945,61.45000076293945,61.45000076293945,61.45000076293945,61.45000076293945,194,61.505001068115234,43.01290248242319,48.22972285412352,54.906325732825245,61.654998779296875,-0.2507726752148552,49.504760197025696,-6.655215701114837,61.310001373291016,-0.08148506610691249,38.512319912926216,1.8932178182324135,0.13206279813157254
2024-04-17 11:55:00-04:00,61.505001068115234,61.505001068115234,61.45000076293945,61.45000076293945,61.45000076293945,1869,61.39500045776367,43.01290248242319,35.41786539430471,48.69291542568023,61.654998779296875,-0.2507726752148552,49.504760197025696,-6.655215701114837,61.310001373291016,-0.08148506610691249,40.05755163301246,4.0123049548298,0.12435654883599341
2024-04-17 12:00:00-04:00,61.39500045776367,61.39500045776367,61.380001068115234,61.3849983215332,61.3849983215332,1905,61.38999938964844,40.61296277217665,26.562996859983496,36.73686170280391,61.654998779296875,-0.2507726752148552,49.504760197025696,-6.655215701114837,61.31999969482422,0.016307814890310503,40.05755163301246,4.0123049548298,0.11892086343481593
2024-04-17 12:05:00-04:00,61.38999938964844,61.38999938964844,61.34000015258789,61.369998931884766,61.369998931884766,2081,61.400001525878906,40.05755163301246,18.699132254205583,26.89333150283126,61.654998779296875,-0.2507726752148552,48.37573953302961,-2.280630508061566,61.310001373291016,-0.01630515587567272,40.05755163301246,4.0123049548298,0.11202870079738902
2024-04-17 12:10:00-04:00,61.400001525878906,61.52000045776367,61.400001525878906,61.45000076293945,61.45000076293945,5770,61.40999984741211,44.42325331926968,26.29286843469412,23.851665849627732,61.654998779296875,-0.2507726752148552,44.42325331926968,-8.170389232109368,61.29999923706055,-0.016314036872336565,39.99946680059337,-0.14500345141219717,0.11582598330554075
2024-04-17 12:15:00-04:00,61.40999984741211,61.40999984741211,61.40999984741211,61.40999984741211,61.40999984741211,2534,61.31999969482422,42.74685047715795,34.311851672721275,26.434617453873653,61.52000045776367,-0.21895762583087455,44.42325331926968,-8.170389232109368,61.29999923706055,-0.016314036872336565,39.99946680059337,-0.14500345141219717,0.10824347652772107
2024-04-17 12:20:00-04:00,61.31999969482422,61.369998931884766,61.31999969482422,61.369998931884766,61.369998931884766,1807,61.369998931884766,41.07746605527795,38.54348923569708,33.04940311437082,61.52000045776367,-0.21895762583087455,44.42325331926968,-8.170389232109368,61.22999954223633,-0.1141919995031559,37.63761823122055,-5.904700132997225,0.10641914413373801
2024-04-17 12:25:00-04:00,61.369998931884766,61.42499923706055,61.369998931884766,61.375,61.375,2464,61.310001373291016,41.38566673017709,29.332351063807423,34.06256399074192,61.52000045776367,-0.21895762583087455,44.42325331926968,-8.170389232109368,61.22999954223633,-0.1141919995031559,37.63761823122055,-5.904700132997225,0.10127726023794233
2024-04-17 12:30:00-04:00,61.310001373291016,61.35499954223633,61.310001373291016,61.35499954223633,61.35499954223633,1302,61.29999923706055,40.47388905070077,22.43985231705505,30.10523087218651,61.52000045776367,-0.21895762583087455,46.650076693757896,5.012742669889674,61.22999954223633,-0.1141919995031559,37.63761823122055,-5.904700132997225,0.09764939688504654
2024-04-17 12:35:00-04:00,61.29999923706055,61.349998474121094,61.29999923706055,61.345001220703125,61.345001220703125,2743,61.35499954223633,39.99946680059337,14.661336427784585,22.144513269549012,61.52000045776367,-0.21895762583087455,52.49752901598026,12.534711058695422,61.22999954223633,-0.1141919995031559,37.63761823122055,-5.904700132997225,0.09338448771412
2024-04-17 12:40:00-04:00,61.35499954223633,61.380001068115234,61.35499954223633,61.380001068115234,61.380001068115234,923,61.34000015258789,42.538625568885074,14.852604310977421,17.31793101860568,61.54999923706055,0.0487626447881296,52.49752901598026,12.534711058695422,61.22999954223633,-0.1141919995031559,37.63761823122055,-5.904700132997225,0.08754602368391894
2024-04-17 12:45:00-04:00,61.34000015258789,61.34000015258789,61.22999954223633,61.279998779296875,61.279998779296875,3833,61.2599983215332,37.63761823122055,8.904367501322106,12.8061027466947,61.54999923706055,0.0487626447881296,53.38653421878128,1.69342294668841,61.22999954223633,-0.1141919995031559,37.63761823122055,-5.904700132997225,0.09379157390341766
2024-04-17 12:50:00-04:00,61.2599983215332,61.33000183105469,61.2599983215332,61.33000183105469,61.33000183105469,1757,61.310001373291016,41.280582343829444,26.799838671121606,16.85227016114037,61.58000183105469,0.04874507614303175,55.192234356893564,3.3823138447467227,61.22999954223633,-0.1141919995031559,37.63761823122055,-5.904700132997225,0.09141276746522434
2024-04-17 12:55:00-04:00,61.310001373291016,61.439998626708984,61.310001373291016,61.40999984741211,61.40999984741211,6706,61.5,46.650076693757896,51.22880450313284,28.97767022519218,61.65999984741211,0.12990908408365623,57.27190708867279,3.768053161847529,61.22999954223633,-0.1141919995031559,37.63761823122055,-5.904700132997225,0.09527121606049878
2024-04-17 13:00:00-04:00,61.5,61.52000045776367,61.48500061035156,61.5099983215332,61.5099983215332,2454,61.5,52.49752901598026,84.56213783646618,54.196927003573535,61.665000915527344,0.008110717041210424,61.40570322501746,7.217842650052509,61.22999954223633,-0.1141919995031559,37.63761823122055,-5.904700132997225,0.09674415548960516
2024-04-17 13:05:00-04:00,61.5,61.54999923706055,61.47999954223633,61.5099983215332,61.5099983215332,3842,61.5099983215332,52.49752901598026,100.0,78.59698077986633,61.665000915527344,0.008110717041210424,61.40570322501746,7.217842650052509,61.22999954223633,-0.1141919995031559,37.63761823122055,-5.904700132997225,0.09406970942306651
2024-04-17 13:10:00-04:00,61.5099983215332,61.525001525878906,61.4900016784668,61.525001525878906,61.525001525878906,1451,61.55939865112305,53.38653421878128,100.0,94.85404594548872,61.665000915527344,0.008110717041210424,61.40570322501746,7.217842650052509,61.22999954223633,-0.1141919995031559,37.63761823122055,-5.904700132997225,0.0881627232219708
2024-04-17 13:15:00-04:00,61.55939865112305,61.58000183105469,61.540000915527344,61.55500030517578,61.55500030517578,4349,61.529998779296875,55.192234356893564,100.0,100.0,61.665000915527344,0.008110717041210424,61.40570322501746,7.217842650052509,61.2599983215332,0.048993597127470014,40.665937085463916,8.045989615069118,0.08484648141735185
2024-04-17 13:20:00-04:00,61.529998779296875,61.65999984741211,61.529998779296875,61.59000015258789,61.59000015258789,5240,61.60499954223633,57.27190708867279,100.0,100.0,61.665000915527344,0.008110717041210424,61.40570322501746,7.217842650052509,61.26499938964844,0.00816367654629281,39.976773320232226,-1.6946954001904275,0.0893619400871401
2024-04-17 13:25:00-04:00,61.60499954223633,61.665000915527344,61.599998474121094,61.665000915527344,61.665000915527344,2809,61.599998474121094,61.40570322501746,100.0,100.0,61.665000915527344,0.008110717041210424,61.40570322501746,7.217842650052509,61.23500061035156,-0.04896560776256811,38.56930788520967,-3.520707946457102,0.08792582237237141
2024-04-17 13:30:00-04:00,61.599998474121094,61.599998474121094,61.56999969482422,61.56999969482422,61.56999969482422,2836,61.529998779296875,54.24663447944869,89.95982953971377,96.65327651323791,61.665000915527344,0.008110717041210424,61.40570322501746,7.217842650052509,61.23500061035156,-0.04896560776256811,38.56930788520967,-3.520707946457102,0.08863336220544678
2024-04-17 13:35:00-04:00,61.529998779296875,61.529998779296875,61.46500015258789,61.494998931884766,61.494998931884766,3581,61.459999084472656,49.35452693276889,73.05876761094986,87.67286571688787,61.665000915527344,0.008110717041210424,61.40570322501746,7.217842650052509,61.23500061035156,-0.04896560776256811,38.56930788520967,-3.520707946457102,0.09026998020853491
2024-04-17 13:40:00-04:00,61.459999084472656,61.459999084472656,61.33000183105469,61.33000183105469,61.33000183105469,2170,61.31999969482422,40.665937085463916,43.972472347131045,68.99702316593155,61.665000915527344,0.008110717041210424,61.40570322501746,7.217842650052509,61.23500061035156,-0.04896560776256811,38.56930788520967,-3.520707946457102,0.09774269227068924
2024-04-17 13:45:00-04:00,61.31999969482422,61.33000183105469,61.26499938964844,61.314998626708984,61.314998626708984,3776,61.279998779296875,39.976773320232226,23.959836126556745,46.99702536154587,61.665000915527344,0.008110717041210424,61.40570322501746,7.217842650052509,61.23500061035156,-0.04896560776256811,38.56930788520967,-3.520707946457102,0.09446866718424532
2024-04-17 13:50:00-04:00,61.279998779296875,61.28499984741211,61.23500061035156,61.28499984741211,61.28499984741211,3162,61.310001373291016,38.56930788520967,8.834204352725024,25.588837608804265,61.665000915527344,0.008110717041210424,61.40570322501746,7.217842650052509,61.21500015258789,-0.03266180707817429,37.97626213318509,-1.5376105627552556,0.09302160210156298
2024-04-17 13:55:00-04:00,61.310001373291016,61.310001373291016,61.310001373291016,61.310001373291016,61.310001373291016,1931,61.279998779296875,40.451014800607936,7.333815345519869,13.37595194160054,61.599998474121094,-0.10541221185627564,54.24663447944869,-11.658638155050197,61.21500015258789,-0.03266180707817429,37.97626213318509,-1.5376105627552556,0.0862195944792973
2024-04-17 14:00:00-04:00,61.279998779296875,61.380001068115234,61.279998779296875,61.380001068115234,61.380001068115234,2651,61.36000061035156,45.48590171275461,14.149152079285516,10.105723925843465,61.529998779296875,-0.11363587103598138,49.35452693276889,-9.018269232044558,61.21500015258789,-0.03266180707817429,37.97626213318509,-1.5376105627552556,0.08759786391320351
2024-04-17 14:05:00-04:00,61.36000061035156,61.36000061035156,61.26499938964844,61.26499938964844,61.26499938964844,4273,61.27000045776367,39.56699921855385,14.298800854983295,11.927256093262889,61.459999084472656,-0.11376514905404433,46.20918589661508,-6.372953468763699,61.21500015258789,-0.03266180707817429,37.97626213318509,-1.5376105627552556,0.09033824536856286
2024-04-17 14:10:00-04:00,61.27000045776367,61.29999923706055,61.27000045776367,61.29999923706055,61.29999923706055,2451,61.26499938964844,42.03899071081495,16.616703026170672,15.021551986813156,61.380001068115234,-0.1301627360056904,46.20918589661508,-6.372953468763699,61.209999084472656,-0.008169677534539633,37.97626213318509,-1.5376105627552556,0.0848044055729175
2024-04-17 14:15:00-04:00,61.26499938964844,61.26499938964844,61.21500015258789,61.21500015258789,61.21500015258789,1911,61.255001068115234,37.97626213318509,6.520839639932243,12.478781173695397,61.380001068115234,-0.1301627360056904,46.20918589661508,-6.372953468763699,61.209999084472656,-0.008169677534539633,37.97626213318509,-1.5376105627552556,0.08482387346289137
2024-04-17 14:20:00-04:00,61.255001068115234,61.34000015258789,61.25,61.34000015258789,61.34000015258789,3213,61.314998626708984,46.20918589661508,16.77762586633557,13.305056177479491,61.38999938964844,0.01628921694235177,46.20918589661508,-6.372953468763699,61.209999084472656,-0.008169677534539633,37.97626213318509,-1.5376105627552556,0.08884148611660223
2024-04-17 14:25:00-04:00,61.314998626708984,61.349998474121094,61.29999923706055,61.29999923706055,61.29999923706055,2652,61.314998626708984,44.18782711158458,20.550339044529355,14.616268183599052,61.38999938964844,0.01628921694235177,46.20918589661508,-6.372953468763699,61.05500030517578,-0.25322460646171463,34.397387196063214,-9.42397891759473,0.0849572612109967
2024-04-17 14:30:00-04:00,61.314998626708984,61.31999969482422,61.279998779296875,61.31999969482422,61.31999969482422,3176,61.29999923706055,45.47219024281646,31.214881546490687,22.847615485785198,61.38999938964844,0.01628921694235177,46.20918589661508,-6.372953468763699,61.04999923706055,-0.008191086872880454,34.397387196063214,-9.42397891759473,0.0804616266426314
2024-04-17 14:35:00-04:00,61.29999923706055,61.29999923706055,61.209999084472656,61.255001068115234,61.255001068115234,2928,61.279998779296875,42.082865861345184,27.91506187951657,26.560094156845533,61.38999938964844,0.01628921694235177,46.20918589661508,-6.372953468763699,60.9900016784668,-0.09827610048081432,33.36427179203321,-3.0034705779869424,0.08341552501352452
2024-04-17 14:40:00-04:00,61.279998779296875,61.380001068115234,61.2599983215332,61.29999923706055,61.29999923706055,9799,61.349998474121094,45.13190160548394,40.040687675128986,33.05687703371208,61.38999938964844,0.01628921694235177,46.20918589661508,-6.372953468763699,60.9900016784668,-0.09827610048081432,33.36427179203321,-3.0034705779869424,0.08757397251217207
2024-04-17 14:45:00-04:00,61.349998474121094,61.38999938964844,61.29999923706055,61.29999923706055,61.29999923706055,3870,61.310001373291016,45.13190160548394,58.34778666981166,42.10117874148574,61.38999938964844,0.01628921694235177,46.20918589661508,-6.372953468763699,60.9900016784668,-0.09827610048081432,33.36427179203321,-3.0034705779869424,0.08781659051974391
2024-04-17 14:50:00-04:00,61.310001373291016,61.310001373291016,61.05500030517578,61.06999969482422,61.06999969482422,7508,61.099998474121094,34.397387196063214,49.93453170394697,49.44100201629587,61.38999938964844,0.01628921694235177,45.47219024281646,-1.5949115733125458,60.9900016784668,-0.09827610048081432,33.36427179203321,-3.0034705779869424,0.10453503827929296
2024-04-17 14:55:00-04:00,61.099998474121094,61.150001525878906,61.04999923706055,61.11000061035156,61.11000061035156,5014,61.04999923706055,37.19520368450473,36.86718323241371,48.38316720205744,61.38999938964844,0.01628921694235177,45.47219024281646,-1.5949115733125458,60.9900016784668,-0.09827610048081432,33.36427179203321,-3.0034705779869424,0.1040817633331996
2024-04-17 15:00:00-04:00,61.04999923706055,61.04999923706055,60.9900016784668,61.0099983215332,61.0099983215332,6937,61.0099983215332,33.36427179203321,7.895541735769691,31.565752224043454,61.38999938964844,0.01628921694235177,45.32578987489374,-0.32195583089567825,60.9900016784668,-0.09827610048081432,33.36427179203321,-3.0034705779869424,0.1056734801883562
2024-04-17 15:05:00-04:00,61.0099983215332,61.17499923706055,61.0099983215332,61.130001068115234,61.130001068115234,8506,61.130001068115234,41.19174694497832,28.208315827301618,24.32368026516167,61.38999938964844,0.01628921694235177,45.32578987489374,-0.32195583089567825,60.9900016784668,-0.09827610048081432,33.36427179203321,-3.0034705779869424,0.11160622372225495
2024-04-17 15:10:00-04:00,61.130001068115234,61.165000915527344,61.060001373291016,61.150001525878906,61.150001525878906,6621,61.150001525878906,42.40604386602448,43.77672254712083,26.626860036730708,61.38999938964844,0.01628921694235177,45.32578987489374,-0.32195583089567825,60.9900016784668,-0.09827610048081432,33.36427179203321,-3.0034705779869424,0.11094555557366229
2024-04-17 15:15:00-04:00,61.150001525878906,61.209999084472656,61.130001068115234,61.130001068115234,61.130001068115234,6490,61.119998931884766,41.48358381509232,64.84683106621398,45.6106231468788,61.310001373291016,-0.13031115353115824,45.32578987489374,-0.32195583089567825,60.9900016784668,-0.09827610048081432,33.36427179203321,-3.0034705779869424,0.10785080165203824
2024-04-17 15:20:00-04:00,61.119998931884766,61.20500183105469,61.11000061035156,61.189998626708984,61.189998626708984,12371,61.17499923706055,45.32578987489374,75.57492390320895,61.39949250551458,61.209999084472656,-0.16310925881323532,45.43274868169844,0.23597781108708396,60.9900016784668,-0.09827610048081432,33.36427179203321,-3.0034705779869424,0.1065658435571469
2024-04-17 15:25:00-04:00,61.17499923706055,61.20500183105469,61.15999984741211,61.17499923706055,61.17499923706055,9687,61.185001373291016,44.53844915092966,81.10864531113577,73.84346676018623,61.209999084472656,-0.16310925881323532,45.43274868169844,0.23597781108708396,60.9900016784668,-0.09827610048081432,33.36427179203321,-3.0034705779869424,0.10040945756569002
2024-04-17 15:30:00-04:00,61.185001373291016,61.209999084472656,61.13999938964844,61.185001373291016,61.185001373291016,9976,61.15999984741211,45.221777022641604,92.6824776940434,83.12201563612938,61.209999084472656,-0.16310925881323532,45.43274868169844,0.23597781108708396,60.939998626708984,-0.0819856540116585,34.47358152417832,3.324843230686058,0.09736848129154288
2024-04-17 15:35:00-04:00,61.15999984741211,61.16999816894531,61.064998626708984,61.09000015258789,61.09000015258789,9866,61.095001220703125,40.1605286469914,80.35183714225744,84.71432004914554,61.209999084472656,-0.16310925881323532,45.43274868169844,0.23597781108708396,60.2400016784668,-1.148665841839042,18.87374180531795,-45.25157824962079,0.09963190782059171
2024-04-17 15:40:00-04:00,61.095001220703125,61.20000076293945,61.06999969482422,61.150001525878906,61.150001525878906,14553,61.13999938964844,44.393562906603634,82.08965040100006,85.04132174576695,61.209999084472656,-0.16310925881323532,45.43274868169844,0.23597781108708396,60.2400016784668,-1.148665841839042,18.87374180531795,-45.25157824962079,0.10266882385005598
2024-04-17 15:45:00-04:00,61.13999938964844,61.20000076293945,61.11000061035156,61.165000915527344,61.165000915527344,18794,61.150001525878906,45.43274868169844,82.7790428323326,81.74017679186336,61.209999084472656,-0.16310925881323532,45.43274868169844,0.23597781108708396,60.2400016784668,-1.148665841839042,18.87374180531795,-45.25157824962079,0.10140195672383942
2024-04-17 15:50:00-04:00,61.150001525878906,61.19499969482422,61.040000915527344,61.095001220703125,61.095001220703125,32031,61.095001220703125,41.53191590678949,86.62798496660348,83.83222606664538,61.209999084472656,-0.16310925881323532,45.43274868169844,0.23597781108708396,60.2400016784668,-1.148665841839042,18.87374180531795,-45.25157824962079,0.10676163898114299
2024-04-17 15:55:00-04:00,61.095001220703125,61.13999938964844,60.939998626708984,60.939998626708984,60.939998626708984,83279,60.7599983215332,34.47358152417832,58.95643372320293,76.121153840713,61.209999084472656,-0.16310925881323532,45.43274868169844,0.23597781108708396,60.2400016784668,-1.148665841839042,18.87374180531795,-45.25157824962079,0.116085551376974
2024-04-18 09:30:00-04:00,60.7599983215332,60.7599983215332,60.2400016784668,60.2400016784668,60.2400016784668,6110,60.40999984741211,18.87374180531795,25.623100389869595,57.069173026558666,61.20000076293945,-0.016334457903528107,45.43274868169844,0.23597781108708396,60.2400016784668,-1.148665841839042,18.87374180531795,-45.25157824962079,0.17447669106349534
2024-04-18 09:35:00-04:00,60.40999984741211,60.720001220703125,60.270198822021484,60.619998931884766,60.619998931884766,14141,60.72999954223633,35.8455931486201,24.364742588507728,36.31475890052675,61.20000076293945,-0.016334457903528107,45.43274868169844,0.23597781108708396,60.2400016784668,-1.148665841839042,18.87374180531795,-45.25157824962079,0.2050289761807786
2024-04-18 09:40:00-04:00,60.72999954223633,60.7869987487793,60.53329849243164,60.66999816894531,60.66999816894531,3370,60.59000015258789,37.692626846881815,44.91977247926329,31.63587181921353,61.20000076293945,-0.016334457903528107,45.43274868169844,0.23597781108708396,60.2400016784668,-1.148665841839042,18.87374180531795,-45.25157824962079,0.20989610419746638
2024-04-18 09:45:00-04:00,60.59000015258789,60.63999938964844,60.459999084472656,60.630001068115234,60.630001068115234,5552,60.51499938964844,36.780375931965665,67.39379822125801,45.55943776300967,61.19499969482422,-0.00817167982498269,43.44265863345523,-4.380298586347415,60.2400016784668,-1.148665841839042,18.87374180531795,-45.25157824962079,0.20990640222498538
2024-04-18 09:50:00-04:00,60.51499938964844,60.709999084472656,60.5099983215332,60.65999984741211,60.65999984741211,2602,60.68000030517578,37.99254052451036,70.08836104368493,60.800643914735396,61.13999938964844,-0.08987712304937406,45.45212798504438,4.625567160941785,60.2400016784668,-1.148665841839042,18.87374180531795,-45.25157824962079,0.20891583829643218
2024-04-18 09:55:00-04:00,60.68000030517578,60.79999923706055,60.68000030517578,60.79999923706055,60.79999923706055,1234,60.7400016784668,43.44265863345523,77.30503624209261,71.5957318356785,60.79999923706055,-0.5561010074943765,45.45212798504438,4.625567160941785,60.2400016784668,-1.148665841839042,18.87374180531795,-45.25157824962079,0.2020241934316327
2024-04-18 10:00:00-04:00,60.7400016784668,60.79140090942383,60.46500015258789,60.5,60.5,8287,60.58000183105469,36.11692063918113,76.47235539189792,74.62191755922514,60.79999923706055,-0.5561010074943765,46.98990315477505,3.3832853111666488,60.270198822021484,0.050128058953029006,35.8455931486201,89.92308742148882,0.21532168253573505
2024-04-18 10:05:00-04:00,60.58000183105469,60.630001068115234,60.540000915527344,60.630001068115234,60.630001068115234,4639,60.540000915527344,40.777433038251324,79.96758211065703,77.91499124821586,60.79999923706055,-0.5561010074943765,46.98990315477505,3.3832853111666488,60.459999084472656,0.31491560698456295,36.11692063918113,0.7569340237615226,0.20678962109368498
2024-04-18 10:10:00-04:00,60.540000915527344,60.540000915527344,60.4900016784668,60.4900016784668,60.4900016784668,2248,60.560001373291016,37.59646879857977,72.63022211813586,76.35671987356359,60.79999923706055,-0.5561010074943765,46.98990315477505,3.3832853111666488,60.459999084472656,0.31491560698456295,36.11692063918113,0.7569340237615226,0.20011059794916025
2024-04-18 10:15:00-04:00,60.560001373291016,60.72999954223633,60.52000045776367,60.72999954223633,60.72999954223633,5670,60.720001220703125,45.45212798504438,84.32221055966914,78.97333826282068,60.79999923706055,-0.5561010074943765,47.29996506534459,0.6598479455219503,60.46500015258789,0.00827169730559713,36.11692063918113,0.7569340237615226,0.20409932453119736
2024-04-18 10:20:00-04:00,60.720001220703125,60.744998931884766,60.630001068115234,60.630001068115234,60.630001068115234,11316,60.68000030517578,43.02197035269029,87.11715684788808,81.35652984189768,60.93000030517578,0.21381754892521845,52.84778790761832,11.729021014306143,60.46500015258789,0.00827169730559713,36.11692063918113,0.7569340237615226,0.19518917845503075
2024-04-18 10:25:00-04:00,60.68000030517578,60.7599983215332,60.68000030517578,60.7599983215332,60.7599983215332,4353,60.72999954223633,46.98990315477505,96.95221320572158,89.46386020442627,61.2599983215332,0.5416018623085248,56.99214125741127,7.842056430133981,60.46500015258789,0.00827169730559713,36.11692063918113,0.7569340237615226,0.18866998595132456
2024-04-18 10:30:00-04:00,60.72999954223633,60.72999954223633,60.560001373291016,60.560001373291016,60.560001373291016,3057,60.58000183105469,42.12905078261587,91.18939194461672,91.75292066607545,61.2599983215332,0.5416018623085248,57.69879503971411,1.2399144280457275,60.4900016784668,0.041348756827607795,37.59646879857977,4.096551237520411,0.18980268218041085
2024-04-18 10:35:00-04:00,60.58000183105469,60.689998626708984,60.58000183105469,60.650001525878906,60.650001525878906,3953,60.68000030517578,44.8917224804293,91.74966435376109,93.29708983469978,61.2599983215332,0.5416018623085248,57.69879503971411,1.2399144280457275,60.4900016784668,0.041348756827607795,37.59646879857977,4.096551237520411,0.18382213930416663
2024-04-18 10:40:00-04:00,60.68000030517578,60.790000915527344,60.599998474121094,60.72999954223633,60.72999954223633,4227,60.79999923706055,47.29996506534459,91.74966435376109,91.56290688404628,61.2599983215332,0.5416018623085248,57.69879503971411,1.2399144280457275,60.52000045776367,0.049592954975159066,42.12905078261587,12.055871545593984,0.18444016951437497
2024-04-18 10:45:00-04:00,60.79999923706055,60.93000030517578,60.7599983215332,60.93000030517578,60.93000030517578,4631,60.90999984741211,52.84778790761832,97.51248561486595,93.67060477412936,61.2599983215332,0.5416018623085248,58.514418019699136,1.4135875444602068,60.560001373291016,0.06609536553995898,42.12905078261587,12.055871545593984,0.18599622885688277
2024-04-18 10:50:00-04:00,60.90999984741211,61.2599983215332,60.90999984741211,61.099998474121094,61.099998474121094,16213,61.130001068115234,56.99214125741127,100.0,96.420716656209,61.2599983215332,0.5416018623085248,58.514418019699136,1.4135875444602068,60.560001373291016,0.06609536553995898,42.12905078261587,12.055871545593984,0.20239645338330386
2024-04-18 10:55:00-04:00,61.130001068115234,61.130001068115234,60.970001220703125,61.130001068115234,61.130001068115234,9828,61.130001068115234,57.69879503971411,100.0,99.17082853828863,61.2599983215332,0.5416018623085248,58.514418019699136,1.4135875444602068,60.560001373291016,0.06609536553995898,42.12905078261587,12.055871545593984,0.19815679278618442
2024-04-18 11:00:00-04:00,61.130001068115234,61.150001525878906,61.04999923706055,61.09989929199219,61.09989929199219,3909,60.9900016784668,56.69232435408307,98.44550004176007,99.48183334725336,61.2599983215332,0.5416018623085248,58.514418019699136,1.4135875444602068,60.58000183105469,0.03302585421091609,44.8917224804293,6.55764050338732,0.18834134238940192
2024-04-18 11:05:00-04:00,60.9900016784668,61.040000915527344,60.939998626708984,61.02000045776367,61.02000045776367,5369,61.02000045776367,53.99980057648334,92.73238109978436,97.05929371384813,61.2599983215332,0.5416018623085248,58.514418019699136,1.4135875444602068,60.599998474121094,0.033008653783426455,47.29996506534459,5.3645582121852575,0.18549727467878205
2024-04-18 11:10:00-04:00,61.02000045776367,61.20000076293945,61.02000045776367,61.189998626708984,61.189998626708984,11106,61.185001373291016,58.514418019699136,92.73238109978436,94.63675408044291,61.2599983215332,0.5416018623085248,58.514418019699136,1.4135875444602068,60.7599983215332,0.26402615749311686,52.21557979675468,10.392427826572824,0.18494757772848197
2024-04-18 11:15:00-04:00,61.185001373291016,61.209999084472656,61.13999938964844,61.13999938964844,61.13999938964844,4118,61.13999938964844,56.75027800297418,91.47567492100995,92.31347904019287,61.2599983215332,0.5416018623085248,58.514418019699136,1.4135875444602068,60.90999984741211,0.24687546086673615,51.4252137707573,-1.513659388775957,0.17345278943805564
2024-04-18 11:20:00-04:00,61.13999938964844,61.20000076293945,61.11000061035156,61.119998931884766,61.119998931884766,7267,61.119998931884766,56.02267373945241,92.11975015629875,92.10926872569769,61.209999084472656,-0.08161808428089996,58.514418019699136,1.4135875444602068,60.939998626708984,0.04925099223777056,51.4252137707573,-1.513659388775957,0.16510752575303914
2024-04-18 11:25:00-04:00,61.119998931884766,61.119998931884766,61.002498626708984,61.099998474121094,61.099998474121094,3137,61.11000061035156,55.25968118459491,85.49852365175812,89.69798290968895,61.209999084472656,-0.08161808428089996,58.514418019699136,1.4135875444602068,60.939998626708984,0.04925099223777056,51.4252137707573,-1.513659388775957,0.16034680369531334
2024-04-18 11:30:00-04:00,61.11000061035156,61.11000061035156,61.02000045776367,61.02050018310547,61.02050018310547,3269,61.029998779296875,52.21557979675468,75.49577993582287,84.37135124795991,61.209999084472656,-0.08161808428089996,58.514418019699136,1.4135875444602068,60.939998626708984,0.04925099223777056,51.4252137707573,-1.513659388775957,0.15331213858457107
2024-04-18 11:35:00-04:00,61.029998779296875,61.060001373291016,61.01499938964844,61.04999923706055,61.04999923706055,4725,61.02000045776367,53.24481700510134,69.84468752278202,76.946330370121,61.25,0.06535029590858288,59.66276389222036,1.9625007158656695,60.9900016784668,0.08205292563937965,51.4252137707573,-1.513659388775957,0.14248112309037178
2024-04-18 11:40:00-04:00,61.02000045776367,61.060001373291016,60.9900016784668,61.005001068115234,61.005001068115234,5991,61.025001525878906,51.4252137707573,59.11936116508883,68.15327620789789,61.25,0.06535029590858288,59.66276389222036,1.9625007158656695,60.9900016784668,0.08205292563937965,51.4252137707573,-1.513659388775957,0.13523298026375646
2024-04-18 11:45:00-04:00,61.025001525878906,61.025001525878906,61.025001525878906,61.025001525878906,61.025001525878906,620,61.025001525878906,52.20700959018095,53.18545514790725,60.716501278592695,61.25,0.06535029590858288,59.66276389222036,1.9625007158656695,60.9900016784668,0.08205292563937965,51.4252137707573,-1.513659388775957,0.123709728013748
2024-04-18 11:50:00-04:00,61.025001525878906,61.09000015258789,60.9900016784668,61.09000015258789,61.09000015258789,8392,61.099998474121094,54.75557868421356,46.231584409264684,52.845466907420246,61.25,0.06535029590858288,59.66276389222036,1.9625007158656695,60.9900016784668,0.08205292563937965,51.4252137707573,-1.513659388775957,0.12133860262448257
2024-04-18 11:55:00-04:00,61.099998474121094,61.15999984741211,61.08000183105469,61.119998931884766,61.119998931884766,4843,61.130001068115234,55.9237877128271,51.39703195558229,50.271357170918066,61.25,0.06535029590858288,59.66276389222036,1.9625007158656695,60.9900016784668,0.08205292563937965,50.44908654590038,-1.8981490854044716,0.1172045439977765
2024-04-18 12:00:00-04:00,61.130001068115234,61.25,61.119998931884766,61.220001220703125,61.220001220703125,4771,61.189998626708984,59.66276389222036,70.1448878257135,55.924501396853486,61.25,0.06535029590858288,59.66276389222036,1.9625007158656695,60.9900016784668,0.08205292563937965,49.71032423819739,-1.4643720199588532,0.11848419640952228
2024-04-18 12:05:00-04:00,61.189998626708984,61.209999084472656,61.09000015258789,61.09000015258789,61.09000015258789,2016,61.060001373291016,53.32936934342203,62.190746932174825,61.24422223782353,61.25,0.06535029590858288,59.66276389222036,1.9625007158656695,60.9900016784668,0.08205292563937965,49.71032423819739,-1.4643720199588532,0.1196358835800935
2024-04-18 12:10:00-04:00,61.060001373291016,61.11949920654297,61.04999923706055,61.11949920654297,61.11949920654297,2932,61.08000183105469,54.50941960238818,53.51879029866075,61.951475018849685,61.25,0.06535029590858288,59.66276389222036,1.9625007158656695,60.97999954223633,-0.016399632653232268,48.60952402251913,-2.214429763933024,0.11462229217032634
2024-04-18 12:15:00-04:00,61.08000183105469,61.099998474121094,61.029998779296875,61.06999969482422,61.06999969482422,3206,61.029998779296875,52.12763561132754,23.027814341865326,46.245783857566956,61.25,0.06535029590858288,59.66276389222036,1.9625007158656695,60.93000030517578,-0.08199284590993823,47.477299385454266,-2.329223870903045,0.11211010567790307
2024-04-18 12:20:00-04:00,61.029998779296875,61.064998626708984,61.029998779296875,61.03499984741211,61.03499984741211,2478,61.064998626708984,50.44908654590038,15.322628760440974,30.623077800322346,61.25,0.06535029590858288,59.66276389222036,1.9625007158656695,60.915000915527344,-0.024617412724948495,43.89870962078083,-7.5374754061302385,0.10489918666284714
2024-04-18 12:25:00-04:00,61.064998626708984,61.064998626708984,61.0099983215332,61.02000045776367,61.02000045776367,3289,61.02000045776367,49.71032423819739,2.842357376537925,13.730933492948067,61.25,0.06535029590858288,59.66276389222036,1.9625007158656695,60.70500183105469,-0.3447411660780704,38.38579652557505,-12.558257732013299,0.09990929851414056
2024-04-18 12:30:00-04:00,61.02000045776367,61.06999969482422,61.0099983215332,61.02000045776367,61.02000045776367,4525,60.9900016784668,49.71032423819739,0.0,6.054995378992957,61.209999084472656,-0.0653076171875,54.50941960238818,-8.637454843931804,60.70500183105469,-0.3447411660780704,38.38579652557505,-12.558257732013299,0.09591850599182807
2024-04-18 12:35:00-04:00,60.9900016784668,61.04999923706055,60.97999954223633,61.0,61.0,7665,61.0,48.60952402251913,0.0,0.9474524588459655,61.11949920654297,-0.1478514610085085,54.50941960238818,-8.637454843931804,60.70500183105469,-0.3447411660780704,36.98080244941792,-3.660192579880515,0.09332662487506713
2024-04-18 12:40:00-04:00,61.0,61.0,60.93000030517578,60.97999954223633,60.97999954223633,2305,60.959999084472656,47.477299385454266,0.0,0.0,61.099998474121094,-0.031905910020590296,52.12763561132754,-4.3694906466336425,60.70500183105469,-0.3447411660780704,36.98080244941792,-3.660192579880515,0.0909939318699823
2024-04-18 12:45:00-04:00,60.959999084472656,60.97999954223633,60.915000915527344,60.915000915527344,60.915000915527344,4832,60.900001525878906,43.89870962078083,0.0,0.0,61.06999969482422,-0.04909783968256723,50.44908654590038,-3.22007519762206,60.650001525878906,-0.09060259207116093,35.50399550023992,-3.9934421412244134,0.0883944013538825
2024-04-18 12:50:00-04:00,60.900001525878906,60.939998626708984,60.70500183105469,60.79999923706055,60.79999923706055,6787,60.79999923706055,38.38579652557505,0.0,0.0,61.06999969482422,-0.04909783968256723,49.71032423819739,-1.4643720199588532,60.599998474121094,-0.08244526051079581,30.64236033411761,-13.693205786062745,0.10305464078392394
2024-04-18 12:55:00-04:00,60.79999923706055,60.880001068115234,60.79999923706055,60.79999923706055,60.79999923706055,9212,60.79010009765625,38.38579652557505,0.0,0.0,61.06999969482422,-0.04909783968256723,49.71032423819739,-1.4643720199588532,60.599998474121094,-0.08244526051079581,30.64236033411761,-13.693205786062745,0.1007493598110003
2024-04-18 13:00:00-04:00,60.79010009765625,60.849998474121094,60.75,60.77000045776367,60.77000045776367,6039,60.7400016784668,36.98080244941792,0.0,0.0,61.04999923706055,-0.032750053813029485,48.60952402251913,-2.214429763933024,60.599998474121094,-0.08244526051079581,30.64236033411761,-13.693205786062745,0.10067427124200964
2024-04-18 13:05:00-04:00,60.7400016784668,60.79999923706055,60.722198486328125,60.79999923706055,60.79999923706055,11522,60.810001373291016,39.37065706175509,3.5121222038986386,1.1707074012995367,61.0,-0.08189883322749449,47.477299385454266,-2.329223870903045,60.599998474121094,-0.08244526051079581,30.64236033411761,-13.693205786062745,0.09838691919105087
2024-04-18 13:10:00-04:00,60.810001373291016,60.810001373291016,60.650001525878906,60.720001220703125,60.720001220703125,9448,60.7400016784668,35.50399550023992,3.5121222038986386,2.341414802599083,60.97999954223633,-0.032787635678150615,43.89870962078083,-7.5374754061302385,60.599998474121094,-0.08244526051079581,30.64236033411761,-13.693205786062745,0.10454821201315671
2024-04-18 13:15:00-04:00,60.7400016784668,60.7400016784668,60.599998474121094,60.599998474121094,60.599998474121094,5329,60.61000061035156,30.64236033411761,3.5121222038986386,3.5121222038986386,60.939998626708984,-0.06559677898921282,42.85122902491116,-2.386130719828282,60.599998474121094,-0.08244526051079581,30.64236033411761,-13.693205786062745,0.10809371124641136
2024-04-18 13:20:00-04:00,60.61000061035156,60.720001220703125,60.599998474121094,60.720001220703125,60.720001220703125,13160,60.75,39.555784315120015,13.82873288178152,6.950992429859589,60.880001068115234,-0.09845349515228587,42.85122902491116,-2.386130719828282,60.599998474121094,-0.08244526051079581,30.64236033411761,-13.693205786062745,0.10928461477997335
2024-04-18 13:25:00-04:00,60.75,60.779998779296875,60.68000030517578,60.77000045776367,60.77000045776367,7831,60.7599983215332,42.85122902491116,34.37540401469301,17.238753033457712,60.849998474121094,-0.049281526721020256,42.85122902491116,-2.386130719828282,60.59000015258789,-0.016498880833260836,30.64236033411761,-13.693205786062745,0.1083560007140854
2024-04-18 13:30:00-04:00,60.7599983215332,60.77000045776367,60.70000076293945,60.75,60.75,6363,60.73500061035156,41.8678937075472,53.999127222021194,34.06775470616523,60.810001373291016,-0.06573065214962741,42.85122902491116,-2.386130719828282,60.58000183105469,-0.01650160341314355,30.64236033411761,-13.693205786062745,0.10452037012509874
2024-04-18 13:35:00-04:00,60.73500061035156,60.73500061035156,60.70000076293945,60.70000076293945,60.70000076293945,3169,60.72999954223633,39.431804794393095,55.5355105887814,47.97001394183186,60.810001373291016,-0.06573065214962741,42.85122902491116,-2.386130719828282,60.5099983215332,-0.11555547607395249,30.64236033411761,-13.693205786062745,0.09906825681864355
2024-04-18 13:40:00-04:00,60.72999954223633,60.7400016784668,60.630001068115234,60.720001220703125,60.720001220703125,11759,60.72999954223633,40.91284332036616,54.04301176777192,54.52588319285817,60.779998779296875,-0.04933825574179048,42.85122902491116,-2.386130719828282,60.5099983215332,-0.11555547607395249,30.64236033411761,-13.693205786062745,0.10016149217193544
2024-04-18 13:45:00-04:00,60.72999954223633,60.779998779296875,60.68000030517578,60.69499969482422,60.69499969482422,9301,60.70000076293945,39.608995764331326,52.17330874206474,53.917277032872676,60.779998779296875,-0.04933825574179048,42.85122902491116,-2.386130719828282,60.5099983215332,-0.11555547607395249,34.619129843473054,12.978013005504861,0.10014519036685128
2024-04-18 13:50:00-04:00,60.70000076293945,60.720001220703125,60.59000015258789,60.59000015258789,60.59000015258789,8802,60.61000061035156,34.619129843473054,46.80785233792264,51.00805761591976,60.779998779296875,-0.04933825574179048,42.85122902491116,-2.386130719828282,60.5099983215332,-0.11555547607395249,34.25700516867313,-1.04602477427143,0.10313077814168961
2024-04-18 13:55:00-04:00,60.61000061035156,60.650001525878906,60.58000183105469,60.630001068115234,60.630001068115234,8591,60.619998931884766,37.83225307175981,47.38392565520531,48.78836224506423,60.779998779296875,-0.04933825574179048,47.054644316731505,9.809322596970848,60.5099983215332,-0.11555547607395249,34.25700516867313,-1.04602477427143,0.09981766980994253
2024-04-18 14:00:00-04:00,60.619998931884766,60.619998931884766,60.5099983215332,60.61000061035156,60.61000061035156,9187,60.59000015258789,36.85692555175125,46.59725758191933,46.92967852501575,60.810001373291016,0.04936261039274688,47.054644316731505,9.809322596970848,60.5099983215332,-0.11555547607395249,34.25700516867313,-1.04602477427143,0.10183617748715142
2024-04-18 14:05:00-04:00,60.59000015258789,60.61000061035156,60.560001373291016,60.61000061035156,60.61000061035156,8768,60.599998474121094,36.85692555175125,53.564949845854755,49.182044360993125,60.810001373291016,0.04936261039274688,47.054644316731505,9.809322596970848,60.5099983215332,-0.11555547607395249,34.25700516867313,-1.04602477427143,0.09665248344449097
2024-04-18 14:10:00-04:00,60.599998474121094,60.61000061035156,60.5099983215332,60.56999969482422,60.56999969482422,8027,60.564998626708984,34.77730744776593,45.2241671428198,48.46212485686462,60.810001373291016,0.04936261039274688,47.054644316731505,9.809322596970848,60.5099983215332,-0.11555547607395249,34.25700516867313,-1.04602477427143,0.09698746398187781
2024-04-18 14:15:00-04:00,60.564998626708984,60.599998474121094,60.560001373291016,60.560001373291016,60.560001373291016,6314,60.58000183105469,34.25700516867313,38.12571969742937,45.63827889536796,60.810001373291016,0.04936261039274688,52.984511316528845,12.602086544066857,60.5099983215332,-0.11555547607395249,34.25700516867313,-1.04602477427143,0.09128842766669784
2024-04-18 14:20:00-04:00,60.58000183105469,60.72999954223633,60.58000183105469,60.709999084472656,60.709999084472656,9620,60.689998626708984,47.054644316731505,54.49170092242767,45.94719592089226,60.849998474121094,0.06577388575367746,54.73056526403439,3.295404457115096,60.5099983215332,-0.11555547607395249,34.25700516867313,-1.04602477427143,0.09915940179455932
2024-04-18 14:25:00-04:00,60.689998626708984,60.810001373291016,60.61000061035156,60.63999938964844,60.63999938964844,8991,60.619998931884766,42.86146367723366,65.61381565528696,52.74374542504799,60.849998474121094,0.06577388575367746,54.73056526403439,3.295404457115096,60.5099983215332,-0.11555547607395249,34.25700516867313,-1.04602477427143,0.1092435379090487
2024-04-18 14:30:00-04:00,60.619998931884766,60.63999938964844,60.54669952392578,60.599998474121094,60.599998474121094,8747,60.619998931884766,40.63313195117387,72.3524709460028,64.1526625079058,60.959999084472656,0.18077339870163625,61.16307744711652,11.753052708390697,60.5099983215332,-0.11555547607395249,34.25700516867313,-1.04602477427143,0.10764917069040947
2024-04-18 14:35:00-04:00,60.619998931884766,60.70000076293945,60.619998931884766,60.68000030517578,60.68000030517578,7590,60.68000030517578,46.611408341871986,71.19799766195504,69.72142808774827,60.970001220703125,0.016407704036558016,62.138697300919155,1.5951124346975263,60.5099983215332,-0.11555547607395249,34.25700516867313,-1.04602477427143,0.10688448250320445
2024-04-18 14:40:00-04:00,60.68000030517578,60.779998779296875,60.66999816894531,60.779998779296875,60.779998779296875,8006,60.76300048828125,52.984511316528845,82.11975333627936,75.22340731474573,61.0,0.04920252369404339,64.53707976890739,3.859724410335776,60.54669952392578,0.06065312082403011,34.25700516867313,-1.04602477427143,0.10719609528804026
2024-04-18 14:45:00-04:00,60.76300048828125,60.849998474121094,60.76300048828125,60.810001373291016,60.810001373291016,7211,60.810001373291016,54.73056526403439,98.84552671595225,84.05442590472887,61.130001068115234,0.2131165051069416,69.87965928624345,8.278309983139344,60.54669952392578,0.06065312082403011,40.63313195117387,18.612621713737813,0.10517628434322061
2024-04-18 14:50:00-04:00,60.810001373291016,60.810001373291016,60.77000045776367,60.79999923706055,60.79999923706055,6746,60.81999969482422,54.010431793859425,98.82753908484774,93.26427304569312,61.18000030517578,0.08179165088650056,69.87965928624345,8.278309983139344,60.54669952392578,0.06065312082403011,40.63313195117387,18.612621713737813,0.09865874746163292
2024-04-18 14:55:00-04:00,60.81999969482422,60.959999084472656,60.81999969482422,60.93000030517578,60.93000030517578,8609,60.904998779296875,61.16307744711652,98.82753908484774,98.83353496188256,61.18000030517578,0.08179165088650056,69.87965928624345,8.278309983139344,60.54669952392578,0.06065312082403011,40.63313195117387,18.612621713737813,0.10479285745668057
2024-04-18 15:00:00-04:00,60.904998779296875,60.970001220703125,60.904998779296875,60.95000076293945,60.95000076293945,7641,60.97999954223633,62.138697300919155,98.82753908484774,98.82753908484774,61.18000030517578,0.08179165088650056,69.87965928624345,8.278309983139344,60.619998931884766,0.12106259884573758,46.611408341871986,14.712812189525064,0.10081381585163751
2024-04-18 15:05:00-04:00,60.97999954223633,61.0,60.939998626708984,61.0,61.0,7171,61.0,64.53707976890739,100.0,99.21835938989848,61.189998626708984,0.01634246728233062,69.87965928624345,8.278309983139344,60.66999816894531,0.08247977225589886,52.984511316528845,13.672839335626275,0.09673257159557533
2024-04-18 15:10:00-04:00,61.0,61.130001068115234,60.97999954223633,61.130001068115234,61.130001068115234,14371,61.13999938964844,69.87965928624345,100.0,99.60917969494925,61.19900131225586,0.014712674863413698,69.87965928624345,8.278309983139344,60.76300048828125,0.15329210836129856,54.010431793859425,1.9362648665413613,0.10205946702390842
2024-04-18 15:15:00-04:00,61.13999938964844,61.18000030517578,61.0,61.0,61.0,9249,60.9900016784668,60.1249194594253,90.8721569944197,96.95738566480657,61.19900131225586,0.014712674863413698,69.87965928624345,8.278309983139344,60.77000045776367,0.011520118207085393,54.010431793859425,1.9362648665413613,0.10985355083909569
2024-04-18 15:20:00-04:00,60.9900016784668,61.060001373291016,60.97999954223633,61.040000915527344,61.040000915527344,9780,61.02000045776367,61.887853312064536,83.39395136736518,91.42203612059495,61.36000061035156,0.2630750414933013,69.87965928624345,8.278309983139344,60.81999969482422,0.08227618345222379,60.1249194594253,11.320938312255905,0.10686837886065485
2024-04-18 15:25:00-04:00,61.02000045776367,61.06999969482422,60.97999954223633,61.06999969482422,61.06999969482422,9477,61.08000183105469,63.20180470275749,75.78295706938741,83.34968847705743,61.36000061035156,0.2630750414933013,69.87965928624345,8.278309983139344,60.904998779296875,0.13975515438861416,60.1249194594253,11.320938312255905,0.10518155623337844
2024-04-18 15:30:00-04:00,61.08000183105469,61.189998626708984,61.061798095703125,61.189998626708984,61.189998626708984,16877,61.189998626708984,67.96023479446109,82.7231620125156,80.63335681642273,61.36000061035156,0.2630750414933013,69.87965928624345,8.278309983139344,60.939998626708984,0.05746629687809253,60.1249194594253,11.320938312255905,0.10748345371062654
2024-04-18 15:35:00-04:00,61.189998626708984,61.19900131225586,61.08000183105469,61.18000030517578,61.18000030517578,22800,61.18000030517578,67.18073443003067,87.12530459649274,81.87714122613191,61.36000061035156,0.2630750414933013,69.87965928624345,8.278309983139344,60.787200927734375,-0.2507346610074269,49.23380770334798,-18.11413945165794,0.10863505645968105
2024-04-18 15:40:00-04:00,61.18000030517578,61.189998626708984,61.1150016784668,61.130001068115234,61.130001068115234,13639,61.130001068115234,63.272357592774675,85.27089514285895,85.03978725062241,61.5,0.2281606718641709,69.7221075093332,-0.22546156996113026,60.787200927734375,-0.2507346610074269,49.23380770334798,-18.11413945165794,0.1052712456379317
2024-04-18 15:45:00-04:00,61.130001068115234,61.36000061035156,61.119998931884766,61.29999923706055,61.29999923706055,32586,61.27000045776367,69.7221075093332,87.14769095010135,86.51463022981767,61.665199279785156,0.26861671509781504,69.7221075093332,-0.22546156996113026,60.787200927734375,-0.2507346610074269,49.23380770334798,-18.11413945165794,0.1187442889208182
2024-04-18 15:50:00-04:00,61.27000045776367,61.349998474121094,61.19499969482422,61.25,61.25,40399,61.29999923706055,66.04830891223497,82.17599746596859,84.86486118630962,61.66999816894531,0.007782167602155796,69.7221075093332,-0.22546156996113026,60.787200927734375,-0.2507346610074269,49.23380770334798,-18.11413945165794,0.12236973795842387
2024-04-18 15:55:00-04:00,61.29999923706055,61.36000061035156,61.2400016784668,61.34000015258789,61.34000015258789,83368,61.11000061035156,69.19484546497794,90.20294888040922,86.50887909882637,61.68000030517578,0.016218804163197542,69.7221075093332,-0.22546156996113026,60.787200927734375,-0.2507346610074269,49.23380770334798,-18.11413945165794,0.12213265735105805
2024-04-19 09:30:00-04:00,61.11000061035156,61.11000061035156,60.787200927734375,60.97439956665039,60.97439956665039,12288,61.290000915527344,49.23380770334798,57.18045780228563,76.5198013828878,61.810001373291016,0.21076697060963784,71.30449501045119,2.2695634966372316,60.787200927734375,-0.2507346610074269,49.23380770334798,-18.11413945165794,0.1651993141013038
2024-04-19 09:35:00-04:00,61.290000915527344,61.5,61.290000915527344,61.5,61.5,1939,61.53049850463867,64.90714773014636,57.19994847968426,68.19445172079303,62.060001373291016,0.40446528789114145,72.45433322718085,1.6125746582471825,60.787200927734375,-0.2507346610074269,49.23380770334798,-18.11413945165794,0.20123942602613437
2024-04-19 09:40:00-04:00,61.53049850463867,61.665199279785156,61.529998779296875,61.560001373291016,61.560001373291016,4063,61.529998779296875,66.19041456354663,52.6820069332638,55.68747107174456,62.060001373291016,0.40446528789114145,72.84496208270491,0.5391380171828207,60.787200927734375,-0.2507346610074269,49.23380770334798,-18.11413945165794,0.19763541140203655
2024-04-19 09:45:00-04:00,61.529998779296875,61.66999816894531,61.474998474121094,61.66999816894531,61.66999816894531,10777,61.68000030517578,68.46691769861725,83.734427509614,64.53879430752067,62.060001373291016,0.40446528789114145,72.84496208270491,0.5391380171828207,60.787200927734375,-0.2507346610074269,49.23380770334798,-18.11413945165794,0.19737183974425476
2024-04-19 09:50:00-04:00,61.68000030517578,61.68000030517578,61.68000030517578,61.68000030517578,61.68000030517578,1724,61.79999923706055,68.6734738154785,90.05662419835181,75.49101954707653,62.060001373291016,0.40446528789114145,73.36883062714107,0.7191554905902459,60.787200927734375,-0.2507346610074269,49.23380770334798,-18.11413945165794,0.17863486939287615
2024-04-19 09:55:00-04:00,61.79999923706055,61.810001373291016,61.7400016784668,61.810001373291016,61.810001373291016,1178,61.90999984741211,71.30449501045119,96.01301808194322,89.93468992996968,62.060001373291016,0.40446528789114145,73.36883062714107,0.7191554905902459,60.787200927734375,-0.2507346610074269,49.23380770334798,-18.11413945165794,0.17377148926511196
2024-04-19 10:00:00-04:00,61.90999984741211,62.060001373291016,61.86000061035156,61.869998931884766,61.869998931884766,4304,61.900001525878906,72.45433322718085,98.29393083892634,94.78785770640711,62.060001373291016,0.40446528789114145,73.36883062714107,0.7191554905902459,61.290000915527344,0.8271477878882962,63.70860289484399,29.40011318789732,0.18139434033860075
2024-04-19 10:05:00-04:00,61.900001525878906,61.90999984741211,61.81999969482422,61.88999938964844,61.88999938964844,9385,61.970001220703125,72.84496208270491,100.0,98.10231630695652,62.060001373291016,0.40446528789114145,73.36883062714107,0.7191554905902459,61.474998474121094,0.30183970603740407,63.70860289484399,29.40011318789732,0.17225492156352973
2024-04-19 10:10:00-04:00,61.970001220703125,61.970001220703125,61.849998474121094,61.880001068115234,61.880001068115234,5575,61.95000076293945,72.29303798794889,99.22081447058409,99.1715817698368,62.060001373291016,0.40446528789114145,73.36883062714107,0.7191554905902459,61.474998474121094,0.30183970603740407,63.70860289484399,29.40011318789732,0.16702970406537987
2024-04-19 10:15:00-04:00,61.95000076293945,61.95000076293945,61.810001373291016,61.929500579833984,61.929500579833984,3717,61.790000915527344,73.36883062714107,99.22081447058409,99.48054298038937,62.150001525878906,0.14502119013265816,73.36883062714107,0.7191554905902459,61.68000030517578,0.333471876605229,63.70860289484399,29.40011318789732,0.16432667262368564
2024-04-19 10:20:00-04:00,61.790000915527344,61.81999969482422,61.70000076293945,61.75,61.75,4330,61.790000915527344,63.70860289484399,85.87889256343215,94.77350716820008,62.150001525878906,0.14502119013265816,73.36883062714107,0.7191554905902459,61.70000076293945,0.0324261635290452,63.70860289484399,29.40011318789732,0.1708439870507702
2024-04-19 10:25:00-04:00,61.790000915527344,61.970001220703125,61.790000915527344,61.970001220703125,61.970001220703125,3305,61.90999984741211,69.08181175962702,80.737195839355,88.6123009577904,62.150001525878906,0.14502119013265816,73.36883062714107,0.7191554905902459,61.70000076293945,0.0324261635290452,62.257626384424235,-2.2775205301781716,0.17575971041600566
2024-04-19 10:30:00-04:00,61.90999984741211,61.9900016784668,61.86000061035156,61.88999938964844,61.88999938964844,9101,61.93000030517578,65.2958589672618,69.58746309706609,78.73451716661774,62.150001525878906,0.14502119013265816,73.36883062714107,0.7191554905902459,61.70000076293945,0.0324261635290452,59.67147871203446,-4.153945183231057,0.17118384618592852
2024-04-19 10:35:00-04:00,61.93000030517578,61.970001220703125,61.849998474121094,61.96500015258789,61.96500015258789,4211,61.970001220703125,67.11537071216955,74.29261409703616,74.87242434448574,62.150001525878906,0.14502119013265816,73.36883062714107,0.7191554905902459,61.70000076293945,0.0324261635290452,54.3989196931676,-8.835978481966956,0.1660657362255388
2024-04-19 10:40:00-04:00,61.970001220703125,62.150001525878906,61.96500015258789,62.150001525878906,62.150001525878906,4286,62.130001068115234,71.13543123584405,72.50698585826937,72.1290210174572,62.150001525878906,0.14502119013265816,73.36883062714107,0.7191554905902459,61.69839859008789,-0.002596714476095852,54.3989196931676,-8.835978481966956,0.1679592999320865
2024-04-19 10:45:00-04:00,62.130001068115234,62.13949966430664,61.97999954223633,62.025001525878906,62.025001525878906,6329,61.9900016784668,65.32462602259476,55.89959310460303,67.56639768663618,62.150001525878906,0.14502119013265816,71.13543123584405,-3.0440711296696334,61.69839859008789,-0.002596714476095852,54.3989196931676,-8.835978481966956,0.16816356830313567
2024-04-19 10:50:00-04:00,61.9900016784668,62.08000183105469,61.915000915527344,61.95500183105469,61.95500183105469,2573,61.9900016784668,62.257626384424235,31.203030678451576,53.20320321377465,62.150001525878906,0.14502119013265816,71.13543123584405,-3.0440711296696334,61.69839859008789,-0.002596714476095852,54.3989196931676,-8.835978481966956,0.16784730302555648
2024-04-19 10:55:00-04:00,61.9900016784668,62.09000015258789,61.869998931884766,61.89500045776367,61.89500045776367,5997,61.91999816894531,59.67147871203446,5.5762078373781065,30.89294387347756,62.150001525878906,0.14502119013265816,71.13543123584405,-3.0440711296696334,61.69839859008789,-0.002596714476095852,54.3989196931676,-8.835978481966956,0.17306269479331332
2024-04-19 11:00:00-04:00,61.91999816894531,61.9900016784668,61.724998474121094,61.76499938964844,61.76499938964844,13279,61.779998779296875,54.3989196931676,0.0,12.259746171943219,62.150001525878906,0.14502119013265816,71.13543123584405,-3.0440711296696334,61.69839859008789,-0.002596714476095852,54.3989196931676,-8.835978481966956,0.1822567457485523
2024-04-19 11:05:00-04:00,61.779998779296875,61.86000061035156,61.69839859008789,61.86000061035156,61.86000061035156,26868,61.84000015258789,57.36375483024144,5.209715440754626,3.5953077593775675,62.150001525878906,0.14502119013265816,71.13543123584405,-3.0440711296696334,61.69839859008789,-0.002596714476095852,54.3989196931676,-8.835978481966956,0.18019127320006426
2024-04-19 11:10:00-04:00,61.84000015258789,61.88999938964844,61.84000015258789,61.88999938964844,61.88999938964844,3325,61.88999938964844,58.28604144015913,12.040044025358986,5.749919822037861,62.13949966430664,-0.01689760468934616,65.32462602259476,-8.168651138114308,61.69839859008789,-0.002596714476095852,53.42769161100419,-1.7853811944088867,0.16717206958611253
2024-04-19 11:15:00-04:00,61.88999938964844,61.974998474121094,61.8849983215332,61.970001220703125,61.970001220703125,11305,61.970001220703125,60.725950625360916,23.157704609384453,13.46915469183268,62.09000015258789,-0.07965869050468533,62.257626384424235,-4.695012929901345,61.69839859008789,-0.002596714476095852,53.42769161100419,-1.7853811944088867,0.15945487788629034
2024-04-19 11:20:00-04:00,61.970001220703125,61.970001220703125,61.880001068115234,61.904998779296875,61.904998779296875,4746,61.91999816894531,57.769275534022526,23.87027288868483,19.689340507809415,62.09000015258789,-0.07965869050468533,61.41389060901903,-1.3552328034406,61.69839859008789,-0.002596714476095852,53.42769161100419,-1.7853811944088867,0.15250940535645036
2024-04-19 11:25:00-04:00,61.91999816894531,62.0,61.88999938964844,61.970001220703125,61.970001220703125,6001,62.029998779296875,59.87328445599894,27.942982548484537,24.990320015517934,62.154998779296875,0.1046845330153784,63.702669249748446,3.726809387961649,61.69839859008789,-0.002596714476095852,53.42769161100419,-1.7853811944088867,0.14825852585596158
2024-04-19 11:30:00-04:00,62.029998779296875,62.037498474121094,62.0,62.0,62.0,2358,62.0099983215332,60.84287515073111,29.659448998901222,27.15756814535685,62.154998779296875,0.1046845330153784,63.702669249748446,3.726809387961649,61.69839859008789,-0.002596714476095852,53.42769161100419,-1.7853811944088867,0.1401823986121623
2024-04-19 11:35:00-04:00,62.0099983215332,62.0099983215332,61.81999969482422,61.84000015258789,61.84000015258789,6033,61.83000183105469,53.42769161100419,23.73716527884623,27.113198942077318,62.154998779296875,0.1046845330153784,63.702669249748446,3.726809387961649,61.81999969482422,0.19708956393539825,53.42769161100419,-1.7853811944088867,0.1451640214218445
2024-04-19 11:40:00-04:00,61.83000183105469,61.849998474121094,61.83000183105469,61.849998474121094,61.849998474121094,2413,61.849998474121094,53.80655681943618,13.547308984743209,22.314641087496877,62.154998779296875,0.1046845330153784,63.702669249748446,3.726809387961649,61.81999969482422,0.19708956393539825,53.42769161100419,-1.7853811944088867,0.13264728358630068
2024-04-19 11:45:00-04:00,61.849998474121094,62.07500076293945,61.849998474121094,62.07500076293945,62.07500076293945,11737,62.099998474121094,61.41389060901903,15.746531147153647,17.677001803581017,62.154998779296875,0.1046845330153784,63.702669249748446,3.726809387961649,61.81999969482422,0.19708956393539825,53.42769161100419,-1.7853811944088867,0.14188278410950655
2024-04-19 11:50:00-04:00,62.099998474121094,62.154998779296875,62.099998474121094,62.154998779296875,62.154998779296875,7371,62.11000061035156,63.702669249748446,44.53539748663092,24.60974587284258,62.154998779296875,0.1046845330153784,63.702669249748446,3.726809387961649,61.81999969482422,0.19708956393539825,53.42769161100419,-1.7853811944088867,0.13569430733429808
2024-04-19 11:55:00-04:00,62.11000061035156,62.130001068115234,62.06999969482422,62.11000061035156,62.11000061035156,3994,62.099998474121094,61.493139889908136,69.987554811591,43.42316114845851,62.154998779296875,0.1046845330153784,63.702669249748446,3.726809387961649,61.81999969482422,0.19708956393539825,52.147979687324764,-2.3952221873943995,0.13062478504813388
2024-04-19 12:00:00-04:00,62.099998474121094,62.13999938964844,62.09000015258789,62.09000015258789,62.09000015258789,3320,62.08000183105469,60.48887693035064,77.86158821484115,64.12818017102101,62.154998779296875,0.1046845330153784,63.702669249748446,3.726809387961649,61.81999969482422,0.19708956393539825,52.147979687324764,-2.3952221873943995,0.12256223024937518
2024-04-19 12:05:00-04:00,62.08000183105469,62.08000183105469,61.970001220703125,62.02000045776367,62.02000045776367,19882,62.0099983215332,56.98140028772322,60.6014044725857,69.48351583300594,62.154998779296875,0.1046845330153784,63.702669249748446,3.726809387961649,61.83000183105469,0.016179450468852337,52.147979687324764,-2.3952221873943995,0.12230590041291423
2024-04-19 12:10:00-04:00,62.0099983215332,62.0099983215332,61.90999984741211,61.98500061035156,61.98500061035156,5913,61.9900016784668,55.256140494430596,40.36778575741547,59.610259481614094,62.15999984741211,0.008046123744596024,63.702669249748446,3.726809387961649,61.849998474121094,0.03234132698401887,52.147979687324764,-2.3952221873943995,0.12107537140677907
2024-04-19 12:15:00-04:00,61.9900016784668,62.150001525878906,61.9900016784668,62.150001525878906,62.150001525878906,7502,62.130001068115234,61.21769938557428,42.73217843007504,47.90045622002538,62.220001220703125,0.09652730604617858,63.702669249748446,3.726809387961649,61.90999984741211,0.0970111152324782,52.147979687324764,-2.3952221873943995,0.12546792581883554
2024-04-19 12:20:00-04:00,62.130001068115234,62.150001525878906,61.90999984741211,61.95000076293945,61.95000076293945,23492,62.0099983215332,52.147979687324764,31.20349583285322,38.101153340114564,62.22999954223633,0.016069304623986855,61.64526875758877,-3.2296927528948154,61.90999984741211,0.0970111152324782,52.147979687324764,-2.3952221873943995,0.13692130108363168
2024-04-19 12:25:00-04:00,62.0099983215332,62.09000015258789,61.959999084472656,61.959999084472656,61.959999084472656,3338,61.9900016784668,52.52663755413061,26.36413944449873,33.43327123580898,62.310001373291016,0.1285583024958713,61.64526875758877,-3.2296927528948154,61.90999984741211,0.0970111152324782,52.147979687324764,-2.3952221873943995,0.13722910994011225
2024-04-19 12:30:00-04:00,61.9900016784668,62.08000183105469,61.98500061035156,62.060001373291016,62.060001373291016,8273,62.05500030517578,56.255194021199614,12.940985783148848,23.502873686833585,62.310001373291016,0.1285583024958713,61.64526875758877,-3.2296927528948154,61.90999984741211,0.0970111152324782,52.147979687324764,-2.3952221873943995,0.13550647360430415
2024-04-19 12:35:00-04:00,62.05500030517578,62.15999984741211,62.05500030517578,62.13999938964844,62.13999938964844,3686,62.119998931884766,59.02747605754275,32.78717415844537,24.030766462030968,62.310001373291016,0.1285583024958713,61.66298270198698,0.02873528618695379,61.90999984741211,0.0970111152324782,52.147979687324764,-2.3952221873943995,0.13245578046750656
2024-04-19 12:40:00-04:00,62.119998931884766,62.220001220703125,62.119998931884766,62.220001220703125,62.220001220703125,2582,62.21500015258789,61.64526875758877,59.09288940994612,34.94034978384676,62.310001373291016,0.1285583024958713,61.66298270198698,0.02873528618695379,61.90999984741211,0.0970111152324782,52.147979687324764,-2.3952221873943995,0.12921043130259185
2024-04-19 12:45:00-04:00,62.21500015258789,62.22999954223633,62.13999938964844,62.16999816894531,62.16999816894531,2404,62.20000076293945,59.10349458959851,67.30975683568147,53.063273468024306,62.310001373291016,0.1285583024958713,61.66298270198698,0.02873528618695379,61.90999984741211,0.0970111152324782,52.147979687324764,-2.3952221873943995,0.12528940343112174
2024-04-19 12:50:00-04:00,62.20000076293945,62.310001373291016,62.20000076293945,62.20500183105469,62.20500183105469,7418,62.209999084472656,60.33640340892858,71.08579179336225,65.82947934632993,62.310001373291016,0.1285583024958713,61.66298270198698,0.02873528618695379,61.959999084472656,0.0807611648906132,52.52663755413061,0.7261218345873579,0.12676078352257988
2024-04-19 12:55:00-04:00,62.209999084472656,62.209999084472656,62.209999084472656,62.209999084472656,62.209999084472656,1517,62.154998779296875,60.51939499998299,67.83783562363769,68.74446141756046,62.310001373291016,0.1285583024958713,61.66298270198698,0.02873528618695379,61.98500061035156,0.040351075287816944,55.76544433318347,6.166027238494277,0.11458443051211878
2024-04-19 13:00:00-04:00,62.154998779296875,62.290000915527344,62.154998779296875,62.2400016784668,62.2400016784668,5550,62.220001220703125,61.66298270198698,81.10567991982323,73.34310244560771,62.310001373291016,0.1285583024958713,61.66298270198698,0.02873528618695379,62.05500030517578,0.11293005426304493,55.76544433318347,6.166027238494277,0.11662620108395379
2024-04-19 13:05:00-04:00,62.220001220703125,62.22999954223633,62.185001373291016,62.20000076293945,62.20000076293945,2595,62.20000076293945,59.200861033610394,82.19138831465672,77.04496795270586,62.310001373291016,0.1285583024958713,61.66298270198698,0.02873528618695379,62.119998931884766,0.10474357648752292,55.76544433318347,6.166027238494277,0.11046361149313652
2024-04-19 13:10:00-04:00,62.20000076293945,62.20000076293945,62.130001068115234,62.17499923706055,62.17499923706055,3208,62.130001068115234,57.651415814233744,77.32111926763051,80.20606250070348,62.310001373291016,0.1285583024958713,62.14376837103549,0.779699015488952,62.119998931884766,0.10474357648752292,55.76544433318347,6.166027238494277,0.10641721982624475
2024-04-19 13:15:00-04:00,62.130001068115234,62.25,62.119998931884766,62.14500045776367,62.14500045776367,5814,62.15999984741211,55.76544433318347,56.660630564629386,72.05771271563886,62.34000015258789,0.04814440480775512,64.76362211526093,4.215794781840945,62.119998931884766,0.10474357648752292,55.76544433318347,6.166027238494277,0.10877560465514372
2024-04-19 13:20:00-04:00,62.15999984741211,62.209999084472656,62.150001525878906,62.150001525878906,62.150001525878906,2784,62.15999984741211,56.02372237194794,45.53035326548186,59.837367699247245,62.400001525878906,0.09624859342982343,67.31060437173622,3.9327359608491026,62.119998931884766,0.10474357648752292,55.76544433318347,6.166027238494277,0.10439790686052777
2024-04-19 13:25:00-04:00,62.15999984741211,62.25,62.13999938964844,62.18000030517578,62.18000030517578,9711,62.220001220703125,57.62214024352633,45.427793933087536,49.20625925439958,62.43000030517578,0.04807496564632891,67.31060437173622,3.9327359608491026,62.119998931884766,0.10474357648752292,55.76544433318347,6.166027238494277,0.10495817720963126
2024-04-19 13:30:00-04:00,62.220001220703125,62.25,62.189998626708984,62.25,62.25,2572,62.220001220703125,61.16887776995027,64.28557442676845,51.74790720844593,62.43000030517578,0.04807496564632891,67.31060437173622,3.9327359608491026,62.095001220703125,-0.040241003881939665,48.433844705008795,-13.14720920068411,0.10146232897109
2024-04-19 13:35:00-04:00,62.220001220703125,62.310001373291016,62.209999084472656,62.27000045776367,62.27000045776367,6531,62.29999923706055,62.14376837103549,84.04125333143854,64.58487389709816,62.43000030517578,0.04807496564632891,67.31060437173622,3.9327359608491026,62.064998626708984,-0.048317245195797574,48.433844705008795,-13.14720920068411,0.10131632495581692
2024-04-19 13:40:00-04:00,62.29999923706055,62.34000015258789,62.244998931884766,62.32500076293945,62.32500076293945,5053,62.349998474121094,64.76362211526093,98.1972917906798,82.17470651629559,62.43000030517578,0.04807496564632891,67.31060437173622,3.9327359608491026,61.98500061035156,-0.1288939307621214,48.42413131166048,-0.020054970666636026,0.10068481453054771
2024-04-19 13:45:00-04:00,62.349998474121094,62.400001525878906,62.32500076293945,62.38249969482422,62.38249969482422,6687,62.43000030517578,67.31060437173622,100.0,94.0795150407061,62.43000030517578,0.04807496564632891,67.31060437173622,3.9327359608491026,61.98500061035156,-0.1288939307621214,48.42413131166048,-0.020054970666636026,0.09811640937143826
2024-04-19 13:50:00-04:00,62.43000030517578,62.43000030517578,62.20000076293945,62.2400016784668,62.2400016784668,18364,62.2400016784668,56.42526459150813,68.57170813316671,88.9229999746155,62.43000030517578,0.04807496564632891,67.31060437173622,3.9327359608491026,61.98500061035156,-0.1288939307621214,48.42413131166048,-0.020054970666636026,0.11130472265792726
2024-04-19 13:55:00-04:00,62.2400016784668,62.310001373291016,62.095001220703125,62.10499954223633,62.10499954223633,22816,62.064998626708984,48.433844705008795,35.23837479983338,67.93669431100001,62.43000030517578,0.04807496564632891,67.31060437173622,3.9327359608491026,61.98500061035156,-0.1288939307621214,48.42413131166048,-0.020054970666636026,0.12167426565092361
2024-04-19 14:00:00-04:00,62.064998626708984,62.189998626708984,62.064998626708984,62.119998931884766,62.119998931884766,28921,62.119998931884766,49.293124940379286,3.4223926972219076,35.74415854340732,62.43000030517578,0.04807496564632891,67.31060437173622,3.9327359608491026,61.98500061035156,-0.1288939307621214,48.42413131166048,-0.020054970666636026,0.12200683908583125
2024-04-19 14:05:00-04:00,62.119998931884766,62.119998931884766,61.98500061035156,62.10499954223633,62.10499954223633,12683,62.10499954223633,48.42413131166048,1.5173512307218715,13.392706242592377,62.43000030517578,0.04807496564632891,67.31060437173622,3.9327359608491026,61.98500061035156,-0.1288939307621214,48.42413131166048,-0.020054970666636026,0.12330598733056844
2024-04-19 14:10:00-04:00,62.10499954223633,62.220001220703125,62.03499984741211,62.220001220703125,62.220001220703125,9029,62.185001373291016,54.97763859130045,13.083843394706115,6.007862440883289,62.43000030517578,0.04807496564632891,67.31060437173622,3.9327359608491026,61.98500061035156,-0.1288939307621214,48.42413131166048,-0.020054970666636026,0.12947552592661316
2024-04-19 14:15:00-04:00,62.185001373291016,62.310001373291016,62.185001373291016,62.29999923706055,62.29999923706055,14665,62.29999923706055,58.890785362096146,30.039420764156482,14.88020512986148,62.43000030517578,0.04807496564632891,61.58751220621161,-8.502511928013138,61.98500061035156,-0.1288939307621214,48.42413131166048,-0.020054970666636026,0.12902797333395183
2024-04-19 14:20:00-04:00,62.29999923706055,62.36000061035156,62.20500183105469,62.36000061035156,62.36000061035156,10219,62.36000061035156,61.58751220621161,53.27188781906911,32.13171732597723,62.36000061035156,-0.11212509127349052,61.58751220621161,-8.502511928013138,61.98500061035156,-0.1288939307621214,48.42413131166048,-0.020054970666636026,0.13162505393024415
2024-04-19 14:25:00-04:00,62.36000061035156,62.36000061035156,62.20000076293945,62.224998474121094,62.224998474121094,10574,62.224998474121094,53.140761355814206,50.02992511972808,44.44707790098454,62.36000061035156,-0.11212509127349052,61.58751220621161,-8.502511928013138,61.98500061035156,-0.1288939307621214,46.267201661153734,-4.4542454187244465,0.13446253327843066
2024-04-19 14:30:00-04:00,62.224998474121094,62.26499938964844,62.220001220703125,62.2400016784668,62.2400016784668,6977,62.21500015258789,53.89750626406641,41.21712899460954,48.1729806444689,62.36000061035156,-0.11212509127349052,61.58751220621161,-8.502511928013138,61.98500061035156,-0.1288939307621214,44.77543096623051,-3.2242509625900424,0.12551609684511883
2024-04-19 14:35:00-04:00,62.21500015258789,62.26499938964844,62.209999084472656,62.2599983215332,62.2599983215332,12810,62.25,54.941948533573324,29.488163592582556,40.24507256897338,62.36000061035156,-0.11212509127349052,61.58751220621161,-8.502511928013138,62.03499984741211,0.0806634452984049,44.77543096623051,-3.2242509625900424,0.11846451767818507
2024-04-19 14:40:00-04:00,62.25,62.255001068115234,62.040000915527344,62.16999816894531,62.16999816894531,20950,62.18000030517578,49.50584934245488,23.072792475210026,31.25936168746736,62.36000061035156,-0.11212509127349052,61.58751220621161,-8.502511928013138,62.040000915527344,0.00806168796249784,44.77543096623051,-3.2242509625900424,0.1286178065109525
2024-04-19 14:45:00-04:00,62.18000030517578,62.23500061035156,62.17499923706055,62.23500061035156,62.23500061035156,10732,62.2400016784668,53.114099833725625,21.69013370165491,24.750363256482487,62.375,0.024052901702421806,61.58751220621161,-8.502511928013138,62.040000915527344,0.00806168796249784,44.77543096623051,-3.2242509625900424,0.12225627000048225
2024-04-19 14:50:00-04:00,62.2400016784668,62.255001068115234,62.060001373291016,62.11000061035156,62.11000061035156,9771,62.099998474121094,46.267201661153734,10.186632048769267,18.316519408544725,62.375,0.024052901702421806,57.032816712738324,-7.395485432538563,62.040000915527344,0.00806168796249784,44.77543096623051,-3.2242509625900424,0.1295306124828559
2024-04-19 14:55:00-04:00,62.099998474121094,62.11000061035156,62.060001373291016,62.08000183105469,62.08000183105469,8209,62.099998474121094,44.77543096623051,8.277473701498577,13.384746483974242,62.375,0.024052901702421806,57.032816712738324,-7.395485432538563,62.040000915527344,0.00806168796249784,44.77543096623051,-3.2242509625900424,0.12157747494062501
2024-04-19 15:00:00-04:00,62.099998474121094,62.334999084472656,62.099998474121094,62.314998626708984,62.314998626708984,18944,62.290000915527344,56.58452190361404,23.413898550724202,13.959334766997339,62.375,0.024052901702421806,57.032816712738324,-7.395485432538563,62.040000915527344,0.00806168796249784,44.77543096623051,-3.2242509625900424,0.1349194527883594
2024-04-19 15:05:00-04:00,62.290000915527344,62.30500030517578,62.20009994506836,62.25,62.25,5367,62.22999954223633,53.19614863898279,40.10966542723843,23.93367922648706,62.375,0.024052901702421806,57.032816712738324,-7.395485432538563,62.040000915527344,0.00806168796249784,44.77543096623051,-3.2242509625900424,0.13291737567358597
2024-04-19 15:10:00-04:00,62.22999954223633,62.375,62.22999954223633,62.34000015258789,62.34000015258789,8060,62.3473014831543,57.032816712738324,64.41239862554964,42.64532086783741,62.375,0.024052901702421806,57.032816712738324,-7.395485432538563,62.060001373291016,0.032238003656550836,44.77543096623051,-3.2242509625900424,0.13412568388259455
2024-04-19 15:15:00-04:00,62.3473014831543,62.369998931884766,62.275001525878906,62.30500030517578,62.30500030517578,7879,62.29999923706055,55.139838080215775,61.54802230240365,55.35669545173056,62.400001525878906,0.04008260661948898,57.032816712738324,-7.395485432538563,62.060001373291016,0.032238003656550836,44.77543096623051,-3.2242509625900424,0.13021285609492103
2024-04-19 15:20:00-04:00,62.29999923706055,62.29999923706055,62.1875,62.189998626708984,62.189998626708984,20009,62.189998626708984,49.344457263867696,53.91126926325518,59.95723006373614,62.400001525878906,0.04008260661948898,57.032816712738324,-7.395485432538563,62.060001373291016,0.032238003656550836,44.77543096623051,-3.2242509625900424,0.12894160100300706
2024-04-19 15:25:00-04:00,62.189998626708984,62.25,62.189998626708984,62.21500015258789,62.21500015258789,14063,62.2400016784668,50.561015910608575,41.07962216823036,52.17963791129639,62.61000061035156,0.33653698611780347,66.17443865884074,16.02870500355391,62.099998474121094,0.06444908144538299,49.344457263867696,10.204315623635498,0.12204757823180792
2024-04-19 15:30:00-04:00,62.2400016784668,62.27000045776367,62.21500015258789,62.26499938964844,62.26499938964844,19009,62.25,52.992411343240555,42.87575761715711,45.95554968288087,62.630001068115234,0.031944509772716914,66.17443865884074,16.02870500355391,62.1875,0.14090423193065088,49.344457263867696,10.204315623635498,0.11534285092620526
2024-04-19 15:35:00-04:00,62.25,62.36000061035156,62.2400016784668,62.33000183105469,62.33000183105469,16715,62.34000015258789,56.02062221093593,64.3974659589592,49.45094858144888,63.709999084472656,1.7244100238523643,73.11895559791397,10.494258931118948,62.1875,0.14090423193065088,49.344457263867696,10.204315623635498,0.1158084590220613
2024-04-19 15:40:00-04:00,62.34000015258789,62.400001525878906,62.30500030517578,62.345001220703125,62.345001220703125,11536,62.33000183105469,56.71356685588598,85.39152953915162,64.22158437175597,63.709999084472656,1.7244100238523643,78.24350964000983,7.008516464972684,62.1875,0.14090423193065088,49.344457263867696,10.204315623635498,0.11372773519016768
2024-04-19 15:45:00-04:00,62.33000183105469,62.3849983215332,62.244998931884766,62.31999969482422,62.31999969482422,19255,62.310001373291016,55.153650414717426,91.26890860451124,80.352634700874,63.709999084472656,1.7244100238523643,78.48886449568421,0.3135785406396393,62.1875,0.14090423193065088,49.344457263867696,10.204315623635498,0.11635490063599467
2024-04-19 15:50:00-04:00,62.310001373291016,62.61000061035156,62.310001373291016,62.595001220703125,62.595001220703125,31287,62.61000061035156,66.17443865884074,94.0215197586767,90.22731930077983,63.709999084472656,1.7244100238523643,79.57411059846626,1.3826752492281555,62.189998626708984,0.0040178921953517585,50.561015910608575,2.4654413366740977,0.1347193342784499
2024-04-19 15:55:00-04:00,62.61000061035156,62.630001068115234,62.45000076293945,62.470001220703125,62.470001220703125,68761,63.56999969482422,59.068797340262925,83.82121303637936,89.70388046652242,63.91999816894531,0.3296171519233894,83.57680346209833,5.030144645699895,62.21500015258789,0.04020184343301906,52.992411343240555,4.808834215140506,0.13924743136818302
2024-04-22 09:30:00-04:00,63.56999969482422,63.709999084472656,63.03499984741211,63.03499984741211,63.03499984741211,23240,63.150001525878906,73.11895559791397,88.93150962784811,88.92474747430138,63.91999816894531,0.3296171519233894,83.57680346209833,5.030144645699895,62.2400016784668,0.04018568804562848,55.153650414717426,4.078393522193528,0.24932247460831786
2024-04-22 09:35:00-04:00,63.150001525878906,63.459999084472656,63.10499954223633,63.39500045776367,63.39500045776367,5014,63.45000076293945,78.24350964000983,88.93150962784811,87.22807743069184,63.91999816894531,0.3296171519233894,83.57680346209833,5.030144645699895,62.244998931884766,0.008029005917745103,55.153650414717426,4.078393522193528,0.26689015085354073
2024-04-22 09:40:00-04:00,63.45000076293945,63.5,63.30849838256836,63.415000915527344,63.415000915527344,3574,63.5,78.48886449568421,100.0,92.62100641856539,63.91999816894531,0.3296171519233894,83.57680346209833,5.030144645699895,62.244998931884766,0.008029005917745103,55.153650414717426,4.078393522193528,0.2593512975113507
2024-04-22 09:45:00-04:00,63.5,63.599998474121094,63.494998931884766,63.502498626708984,63.502498626708984,2122,63.47999954223633,79.57411059846626,100.0,96.31050320928269,63.91999816894531,0.3296171519233894,83.57680346209833,5.030144645699895,62.310001373291016,0.10442998236273203,59.068797340262925,7.098617944789319,0.25191592361959064
2024-04-22 09:50:00-04:00,63.47999954223633,63.91999816894531,63.47999954223633,63.89500045776367,63.89500045776367,16354,63.86000061035156,83.57680346209833,100.0,100.0,63.91999816894531,0.3296171519233894,83.57680346209833,5.030144645699895,62.45000076293945,0.22468205193853164,59.068797340262925,7.098617944789319,0.27072419392853
2024-04-22 09:55:00-04:00,63.86000061035156,63.86000061035156,63.61000061035156,63.665000915527344,63.665000915527344,5389,63.709999084472656,74.3788592322634,91.04361298465881,97.01453766155292,63.91999816894531,0.3296171519233894,83.57680346209833,5.030144645699895,63.03499984741211,0.936747922058986,62.28538663254233,5.4454965008859,0.27215175927688795
2024-04-22 10:00:00-04:00,63.709999084472656,63.72999954223633,63.66999816894531,63.66999816894531,63.66999816894531,1658,63.68000030517578,74.44466677112717,81.82364342037168,90.95575213501014,63.91999816894531,0.3296171519233894,83.57680346209833,5.030144645699895,63.10499954223633,0.11104893312233834,59.196757731493456,-4.958833954536539,0.2514364460200976
2024-04-22 10:05:00-04:00,63.68000030517578,63.73500061035156,63.435001373291016,63.494998931884766,63.494998931884766,7629,63.47999954223633,67.87040362773017,64.70554412609812,79.19093351037618,63.91999816894531,0.3296171519233894,83.57680346209833,5.030144645699895,63.220001220703125,0.1822386170684083,58.25331326290956,-1.5937434831535942,0.2562927251241426
2024-04-22 10:10:00-04:00,63.47999954223633,63.4900016784668,63.22999954223633,63.33000183105469,63.33000183105469,7101,63.35499954223633,62.28538663254233,48.69236168039281,65.07384974228752,63.91999816894531,0.3296171519233894,83.57680346209833,5.030144645699895,62.5,-1.1388820101245756,58.25331326290956,-1.5937434831535942,0.2571633915765721
2024-04-22 10:15:00-04:00,63.35499954223633,63.55220031738281,63.35499954223633,63.540000915527344,63.540000915527344,9048,63.494998931884766,66.10805269565697,37.425804248746644,50.27457001841251,63.91999816894531,0.3296171519233894,83.57680346209833,5.030144645699895,62.5,-1.1388820101245756,58.25331326290956,-1.5937434831535942,0.2536669010517274
2024-04-22 10:20:00-04:00,63.494998931884766,63.52000045776367,63.36000061035156,63.52000045776367,63.52000045776367,8128,63.4900016784668,65.42786826082278,33.25968832239639,39.79261808384527,63.86000061035156,-0.0938635173849223,74.44466677112717,-10.92664030290717,62.5,-1.1388820101245756,58.25331326290956,-1.5937434831535942,0.2463002414641328
2024-04-22 10:25:00-04:00,63.4900016784668,63.4900016784668,63.33000183105469,63.33000183105469,63.33000183105469,3457,63.33000183105469,59.196757731493456,25.06996334797613,31.918485306373043,63.814998626708984,-0.07046975135055575,74.44466677112717,-10.92664030290717,62.5,-1.1388820101245756,58.25331326290956,-1.5937434831535942,0.24067007998861795
2024-04-22 10:30:00-04:00,63.33000183105469,63.33000183105469,63.220001220703125,63.29999923706055,63.29999923706055,6158,63.27000045776367,58.25331326290956,12.223157010576076,23.51760289364952,63.814998626708984,-0.07046975135055575,67.87040362773017,-8.83107337105683,62.5,-1.1388820101245756,58.25331326290956,-1.5937434831535942,0.22760313302491242
2024-04-22 10:35:00-04:00,63.27000045776367,63.4900016784668,62.5,63.4900016784668,63.4900016784668,7044,63.46500015258789,62.34605181448076,5.56131440028041,14.284811586277526,63.814998626708984,-0.07046975135055575,66.84302523386779,-1.5137355002300539,62.5,-1.1388820101245756,54.11139188925465,-7.1101902049099595,0.30384298756910083
2024-04-22 10:40:00-04:00,63.46500015258789,63.5099983215332,63.46500015258789,63.4900016784668,63.4900016784668,4366,63.52000045776367,62.346051814480774,10.77455100482772,9.519674138561387,63.814998626708984,-0.07046975135055575,66.84302523386779,-1.5137355002300539,62.5,-1.1388820101245756,52.7493616182885,-2.5170860024330923,0.277958505706722
2024-04-22 10:45:00-04:00,63.52000045776367,63.623600006103516,63.5099983215332,63.623600006103516,63.623600006103516,3030,63.584999084472656,65.13352821252461,19.83098424197481,12.055616549027633,63.814998626708984,-0.07046975135055575,66.84302523386779,-1.5137355002300539,62.5,-1.1388820101245756,52.7493616182885,-2.5170860024330923,0.26352248789972166
2024-04-22 10:50:00-04:00,63.584999084472656,63.814998626708984,63.560001373291016,63.709999084472656,63.709999084472656,18355,63.70000076293945,66.84302523386779,25.750354470979403,18.785296572593964,63.814998626708984,-0.07046975135055575,66.84302523386779,-1.5137355002300539,62.5,-1.1388820101245756,52.7493616182885,-2.5170860024330923,0.26266996445154633
2024-04-22 10:55:00-04:00,63.70000076293945,63.75,63.470001220703125,63.53499984741211,63.53499984741211,6121,63.51499938964844,60.38498108758855,23.1689952777733,22.916777996909158,63.814998626708984,-0.07046975135055575,66.84302523386779,-1.5137355002300539,62.5,-1.1388820101245756,52.53947998830044,-0.3978846824855107,0.2644028459360792
2024-04-22 11:00:00-04:00,63.51499938964844,63.51499938964844,63.34000015258789,63.34000015258789,63.34000015258789,2524,63.32640075683594,54.11139188925465,14.112562040626205,21.010637263126288,63.814998626708984,-0.07046975135055575,66.84302523386779,-1.5137355002300539,62.5,-1.1388820101245756,52.53947998830044,-0.3978846824855107,0.2574625308248931
2024-04-22 11:05:00-04:00,63.32640075683594,63.369998931884766,63.29499816894531,63.29499816894531,63.29499816894531,4199,63.255001068115234,52.7493616182885,2.8059163092077624,13.362491209202409,63.814998626708984,-0.07046975135055575,66.84302523386779,-1.5137355002300539,63.255001068115234,1.208001708984375,52.53947998830044,-0.3978846824855107,0.23921635403634914
2024-04-22 11:10:00-04:00,63.255001068115234,63.36000061035156,63.255001068115234,63.310001373291016,63.310001373291016,4155,63.30500030517578,53.17255181332564,0.9328946924268386,5.950457680753588,63.814998626708984,-0.07046975135055575,66.84302523386779,-1.5137355002300539,63.255001068115234,1.208001708984375,52.53947998830044,-0.3978846824855107,0.22579467285634705
2024-04-22 11:15:00-04:00,63.30500030517578,63.47999954223633,63.26599884033203,63.47999954223633,63.47999954223633,14340,63.44499969482422,57.786035215476005,12.845277766524307,5.528029589386288,63.814998626708984,-0.07046975135055575,66.84302523386779,-1.5137355002300539,63.255001068115234,1.208001708984375,52.53947998830044,-0.3978846824855107,0.224615275761142
2024-04-22 11:20:00-04:00,63.44499969482422,63.44499969482422,63.31999969482422,63.31999969482422,63.31999969482422,4068,63.310001373291016,52.53947998830044,12.845277766524307,8.874483408491804,63.75,-0.10185478039292788,60.38498108758855,-9.661507874133594,63.255001068115234,1.208001708984375,52.53947998830044,-0.3978846824855107,0.21815373292623877
2024-04-22 11:25:00-04:00,63.310001373291016,63.334999084472656,63.27000045776367,63.32500076293945,63.32500076293945,4603,63.369998931884766,52.68408604016936,12.249376570899106,12.646644034649226,63.57500076293945,-0.27450860715379904,59.438422201486276,-1.5675402543047716,63.255001068115234,1.208001708984375,52.53947998830044,-0.3978846824855107,0.20283822230451332
2024-04-22 11:30:00-04:00,63.369998931884766,63.52000045776367,63.34000015258789,63.40999984741211,63.40999984741211,7497,63.47999954223633,55.183444855720374,6.498554196212371,10.531069511211912,63.630001068115234,0.08651247269483832,60.97927123596888,2.5923451151838877,63.255001068115234,1.208001708984375,52.53947998830044,-0.3978846824855107,0.20205436955648387
2024-04-22 11:35:00-04:00,63.47999954223633,63.5099983215332,63.44499969482422,63.49380111694336,63.49380111694336,2655,63.45000076293945,57.56347378146101,18.206592790624246,12.318174519245227,63.66999816894531,0.06285887185081399,62.10661596507349,1.8487343424328064,63.255001068115234,1.208001708984375,52.53947998830044,-0.3978846824855107,0.19184878001294486
2024-04-22 11:40:00-04:00,63.45000076293945,63.45000076293945,63.38610076904297,63.40999984741211,63.40999984741211,1289,63.47999954223633,54.449449865119725,22.320640030060567,15.675262338965714,63.720001220703125,0.0785347152439549,63.52536317386325,2.284373712436067,63.26599884033203,0.017386407447774893,52.53947998830044,-0.3978846824855107,0.18343393680168946
2024-04-22 11:45:00-04:00,63.47999954223633,63.47999954223633,63.41999816894531,63.41999816894531,63.41999816894531,1365,63.43000030517578,54.76387807249745,21.34287128806995,20.623368036251573,63.75,0.04707906265251006,64.38684057296827,1.356115661625158,63.27000045776367,0.006325067974884475,52.53947998830044,-0.3978846824855107,0.1720905126039424
2024-04-22 11:50:00-04:00,63.43000030517578,63.57500076293945,63.41999816894531,63.57500076293945,63.57500076293945,5348,63.540000915527344,59.438422201486276,25.712297160783347,23.125269492971274,63.77000045776367,0.03137326708026961,64.38684057296827,1.356115661625158,63.27000045776367,0.006325067974884475,52.68408604016936,0.27523312355036716,0.17038172074296223
2024-04-22 11:55:00-04:00,63.540000915527344,63.630001068115234,63.540000915527344,63.630001068115234,63.630001068115234,6618,63.59830093383789,60.97927123596888,40.929553346209914,29.328240598354387,63.77000045776367,0.03137326708026961,64.38684057296827,1.356115661625158,63.34000015258789,0.11063646960291637,54.449449865119725,3.3508483446108346,0.16234356392745508
2024-04-22 12:00:00-04:00,63.59830093383789,63.66999816894531,63.560001373291016,63.66999816894531,63.66999816894531,5091,63.712398529052734,62.10661596507349,69.07909472212313,45.24031507637212,63.77000045776367,0.03137326708026961,64.38684057296827,1.356115661625158,63.38610076904297,0.0727827855131361,48.89365635587904,-10.203580611013159,0.15710888710013926
2024-04-22 12:05:00-04:00,63.712398529052734,63.720001220703125,63.712398529052734,63.720001220703125,63.720001220703125,1371,63.720001220703125,63.52536317386325,86.33496358833116,65.44787055222139,63.77000045776367,0.03137326708026961,64.38684057296827,1.356115661625158,63.349998474121094,-0.05695616938707001,48.89365635587904,-10.203580611013159,0.14639830356590658
2024-04-22 12:10:00-04:00,63.720001220703125,63.75,63.720001220703125,63.75,63.75,1170,63.77000045776367,64.38684057296827,100.0,85.13801943681808,63.77000045776367,0.03137326708026961,64.38684057296827,1.356115661625158,63.349998474121094,-0.05695616938707001,48.89365635587904,-10.203580611013159,0.13475835113900342
2024-04-22 12:15:00-04:00,63.77000045776367,63.77000045776367,63.720001220703125,63.72999954223633,63.72999954223633,3489,63.720001220703125,63.31317739874327,96.9791775798162,94.43804705604911,63.77000045776367,0.03137326708026961,64.38684057296827,1.356115661625158,63.349998474121094,-0.05695616938707001,48.89365635587904,-10.203580611013159,0.12628243973115777
2024-04-22 12:20:00-04:00,63.720001220703125,63.720001220703125,63.560001373291016,63.59000015258789,63.59000015258789,6912,63.505001068115234,56.24328923939702,74.06675677696339,90.34864478559318,63.77000045776367,0.03137326708026961,64.38684057296827,1.356115661625158,63.349998474121094,-0.05695616938707001,48.75900069469755,-0.27540517772158646,0.13065401265257323
2024-04-22 12:25:00-04:00,63.505001068115234,63.505001068115234,63.415000915527344,63.415000915527344,63.415000915527344,4856,63.439998626708984,48.89365635587904,40.73342344363005,70.59311926680319,63.77000045776367,0.03137326708026961,64.38684057296827,1.356115661625158,63.255001068115234,-0.14995644561012336,42.493738825570226,-12.849446830046823,0.1350885350933706
2024-04-22 12:30:00-04:00,63.439998626708984,63.439998626708984,63.349998474121094,63.439998626708984,63.439998626708984,2561,63.47999954223633,49.90076154471954,12.587682930352347,42.46262105031525,63.77000045776367,0.03137326708026961,64.38684057296827,1.356115661625158,63.09000015258789,-0.2608503877024125,38.199009257616865,-10.106734984140878,0.1305796968428226
2024-04-22 12:35:00-04:00,63.47999954223633,63.47999954223633,63.46500015258789,63.470001220703125,63.470001220703125,1530,63.4900016784668,51.14513596215233,7.010792077890031,20.110632817290796,63.77000045776367,0.03137326708026961,64.38684057296827,1.356115661625158,62.970001220703125,-0.19020277634258873,33.68632830348035,-11.813607320814706,0.12152181871127472
2024-04-22 12:40:00-04:00,63.4900016784668,63.540000915527344,63.4900016784668,63.5099983215332,63.5099983215332,6704,63.43000030517578,52.82728777492775,15.47393596518694,11.690803657809758,63.77000045776367,0.03137326708026961,63.31317739874327,-1.6675195811296826,62.970001220703125,-0.19020277634258873,33.68632830348035,-11.813607320814706,0.11636960632256912
2024-04-22 12:45:00-04:00,63.43000030517578,63.43000030517578,63.380001068115234,63.41999816894531,63.41999816894531,3997,63.349998474121094,48.75900069469755,13.307165565315119,11.930631202797349,63.720001220703125,-0.0784055773900496,56.24328923939702,-11.166535071870491,62.970001220703125,-0.19020277634258873,33.68632830348035,-11.813607320814706,0.1177323710321091
2024-04-22 12:50:00-04:00,63.349998474121094,63.349998474121094,63.255001068115234,63.2599983215332,63.2599983215332,2127,63.25,42.493738825570226,8.463143887296914,12.414748472599642,63.540000915527344,-0.2824863492270269,52.82728777492775,-6.073616089431077,62.970001220703125,-0.19020277634258873,33.68632830348035,-11.813607320814706,0.12245884401190602
2024-04-22 12:55:00-04:00,63.25,63.25,63.09000015258789,63.130001068115234,63.130001068115234,4382,63.1150016784668,38.199009257616865,0.0,7.25676981753733,63.540000915527344,-0.2824863492270269,52.82728777492775,-6.073616089431077,62.970001220703125,-0.19020277634258873,33.68632830348035,-11.813607320814706,0.12721277650524668
2024-04-22 13:00:00-04:00,63.1150016784668,63.119998931884766,62.970001220703125,62.970001220703125,62.970001220703125,9203,63.02690124511719,33.68632830348035,0.0,2.8210479624322904,63.540000915527344,-0.2824863492270269,52.82728777492775,-6.073616089431077,62.970001220703125,-0.19020277634258873,33.68632830348035,-11.813607320814706,0.13049148359593293
2024-04-22 13:05:00-04:00,63.02690124511719,63.13999938964844,63.02690124511719,63.13999938964844,63.13999938964844,3165,63.15999984741211,41.582792686032036,8.573651055327494,2.8578836851091505,63.540000915527344,-0.2824863492270269,52.82728777492775,-6.073616089431077,62.970001220703125,-0.19020277634258873,33.68632830348035,-11.813607320814706,0.1344421521308709
2024-04-22 13:10:00-04:00,63.15999984741211,63.189998626708984,63.150001525878906,63.15999984741211,63.15999984741211,3470,63.18000030517578,42.45104790300436,18.090017343276955,8.88788946620147,63.43000030517578,-0.17312025301636647,49.73902277484426,-5.845965466258905,62.970001220703125,-0.19020277634258873,33.68632830348035,-11.813607320814706,0.1259978606238385
2024-04-22 13:15:00-04:00,63.18000030517578,63.2599983215332,63.18000030517578,63.2599983215332,63.2599983215332,2939,63.2599983215332,46.7153398581529,32.23637364324613,19.633347347283514,63.349998474121094,-0.12612617163768086,49.73902277484426,-5.845965466258905,62.970001220703125,-0.19020277634258873,33.68632830348035,-11.813607320814706,0.12339792197356403
2024-04-22 13:20:00-04:00,63.2599983215332,63.27000045776367,63.22999954223633,63.2599983215332,63.2599983215332,2935,63.29999923706055,46.715339858152895,38.321736233254036,29.549375739925694,63.33000183105469,-0.03156534103876106,50.34682347945703,1.2219795860568634,62.970001220703125,-0.19020277634258873,33.68632830348035,-11.813607320814706,0.11505822132894199
2024-04-22 13:25:00-04:00,63.29999923706055,63.33000183105469,63.29010009765625,63.33000183105469,63.33000183105469,3068,63.310001373291016,49.73902277484426,52.527085704457456,41.02839852698586,63.47999954223633,0.23685095033123355,56.30319955016009,11.830688927442331,62.970001220703125,-0.19020277634258873,33.68632830348035,-11.813607320814706,0.11055275014819624
2024-04-22 13:30:00-04:00,63.310001373291016,63.310001373291016,63.15999984741211,63.27000045776367,63.27000045776367,7403,63.27000045776367,47.263396762549355,62.024734780014576,50.95785223924201,63.47999954223633,0.23685095033123355,56.30319955016009,11.830688927442331,63.02690124511719,0.09036052614106517,40.620059080154384,20.583219145191503,0.11649767349763443
2024-04-22 13:35:00-04:00,63.27000045776367,63.31990051269531,63.130001068115234,63.130001068115234,63.130001068115234,9361,63.119998931884766,42.009463420127645,61.86017934799034,58.80399994415411,63.47999954223633,0.23685095033123355,56.30319955016009,11.830688927442331,63.09000015258789,0.10011424681233479,40.620059080154384,20.583219145191503,0.12383785060587879
2024-04-22 13:40:00-04:00,63.119998931884766,63.17499923706055,63.09000015258789,63.09000015258789,63.09000015258789,6431,63.16999816894531,40.620059080154384,50.21332115108436,58.032745093029746,63.47999954223633,0.23685095033123355,56.30319955016009,11.830688927442331,63.09000015258789,0.10011424681233479,40.620059080154384,20.583219145191503,0.11995397399255654
2024-04-22 13:45:00-04:00,63.16999816894531,63.33000183105469,63.16999816894531,63.310001373291016,63.310001373291016,7042,63.349998474121094,50.34682347945703,55.58300445859605,55.885501652556904,63.47999954223633,0.23685095033123355,56.30319955016009,11.830688927442331,63.09000015258789,0.10011424681233479,40.620059080154384,20.583219145191503,0.13195874443998057
2024-04-22 13:50:00-04:00,63.349998474121094,63.47999954223633,63.29999923706055,63.47999954223633,63.47999954223633,2970,63.47999954223633,56.30319955016009,74.42187957861825,60.072735062766206,63.47999954223633,0.23685095033123355,56.30319955016009,11.830688927442331,63.09000015258789,0.10011424681233479,40.620059080154384,20.583219145191503,0.13676290051356063
2024-04-22 13:55:00-04:00,63.47999954223633,63.47999954223633,63.400001525878906,63.400001525878906,63.400001525878906,3120,63.33000183105469,53.07651065269514,90.92477729432028,73.64322044384484,63.47999954223633,0.23685095033123355,56.30319955016009,11.830688927442331,63.09000015258789,0.10011424681233479,40.620059080154384,20.583219145191503,0.13108641209794675
2024-04-22 14:00:00-04:00,63.33000183105469,63.38999938964844,63.33000183105469,63.38999938964844,63.38999938964844,812,63.36000061035156,52.670080210550275,89.88983612829617,85.07883100041154,63.47999954223633,0.23685095033123355,56.30319955016009,11.830688927442331,63.09000015258789,0.10011424681233479,40.620059080154384,20.583219145191503,0.12497774037057394
2024-04-22 14:05:00-04:00,63.36000061035156,63.38999938964844,63.29499816894531,63.29499816894531,63.29499816894531,4395,63.34000015258789,48.844309450303065,78.89672981914062,86.57044774725233,63.47999954223633,0.23685095033123355,56.30319955016009,11.830688927442331,63.09000015258789,0.10011424681233479,40.620059080154384,20.583219145191503,0.12198008840382904
2024-04-22 14:10:00-04:00,63.34000015258789,63.349998474121094,63.2599983215332,63.2599983215332,63.2599983215332,3818,63.2400016784668,47.47610287043108,64.8909790097036,77.89251498571345,63.47999954223633,0.23685095033123355,56.30319955016009,11.830688927442331,63.11000061035156,0.03170147046330523,42.0409320158427,3.4979588111493096,0.1187820948222352
2024-04-22 14:15:00-04:00,63.2400016784668,63.2400016784668,63.11000061035156,63.11000061035156,63.11000061035156,2498,63.18000030517578,42.0409320158427,39.932189853720246,61.23996622752148,63.47999954223633,0.23685095033123355,56.30319955016009,11.830688927442331,63.11000061035156,0.03170147046330523,42.0409320158427,3.4979588111493096,0.12190365645817573
2024-04-22 14:20:00-04:00,63.18000030517578,63.2599983215332,63.13999938964844,63.2599983215332,63.2599983215332,8707,63.25,48.40233450587167,34.13260284697826,46.31859057013403,63.47999954223633,0.23685095033123355,53.07651065269514,-5.730915690839762,63.084999084472656,-0.039615790900191176,41.549747231604215,-1.1683489415824235,0.12471306193052223
2024-04-22 14:25:00-04:00,63.25,63.25,63.25,63.25,63.25,1860,63.209999084472656,48.02396455260084,35.29704157066704,36.45394475712183,63.38999938964844,-0.141777179012122,52.670080210550275,-0.7657444642590289,63.025001525878906,-0.09510590388280979,40.37332367928157,-2.831361514102826,0.11324158789079034
2024-04-22 14:30:00-04:00,63.209999084472656,63.255001068115234,63.209999084472656,63.255001068115234,63.255001068115234,3006,63.255001068115234,48.2419105629885,48.476754224531,39.302132880725416,63.38999938964844,-0.141777179012122,48.844309450303065,-7.263650909498471,63.025001525878906,-0.09510590388280979,40.37332367928157,-2.831361514102826,0.10641762746596913
2024-04-22 14:35:00-04:00,63.255001068115234,63.279998779296875,63.150001525878906,63.209999084472656,63.209999084472656,8950,63.17499923706055,46.358151082072766,44.13199638790501,42.63526406103434,63.349998474121094,-0.06310288044248803,48.40233450587167,-0.9048647619454702,63.025001525878906,-0.09510590388280979,40.37332367928157,-2.831361514102826,0.1087755900611691
2024-04-22 14:40:00-04:00,63.17499923706055,63.17499923706055,63.11000061035156,63.13999938964844,63.13999938964844,3250,63.11000061035156,43.511992493749595,34.54213975708443,42.38363012317347,63.279998779296875,-0.1104967585008137,48.40233450587167,-0.9048647619454702,63.025001525878906,-0.09510590388280979,40.37332367928157,-2.831361514102826,0.10789787846716156
2024-04-22 14:45:00-04:00,63.11000061035156,63.11000061035156,63.084999084472656,63.09000015258789,63.09000015258789,4310,63.06999969482422,41.549747231604215,20.3184508554405,32.997529000143295,63.279998779296875,-0.1104967585008137,48.40233450587167,-0.9048647619454702,63.025001525878906,-0.09510590388280979,40.37332367928157,-2.831361514102826,0.10260812113802353
2024-04-22 14:50:00-04:00,63.06999969482422,63.099998474121094,63.025001525878906,63.060001373291016,63.060001373291016,4384,63.060001373291016,40.37332367928157,8.122568674630713,20.99438642905187,63.279998779296875,-0.1104967585008137,48.2419105629885,-0.3314384409779025,62.91999816894531,-0.16660587765393067,37.2540192392805,-7.726152210752477,0.09984700384843993
2024-04-22 14:55:00-04:00,63.060001373291016,63.09000015258789,63.04999923706055,63.08000183105469,63.08000183105469,2474,63.060001373291016,41.56132445789577,4.461878819212992,10.967632783094722,63.279998779296875,-0.1104967585008137,48.2419105629885,-0.3314384409779025,62.779998779296875,-0.2225038043906609,31.86083303637756,-14.476790190778628,0.09386239501633031
2024-04-22 15:00:00-04:00,63.060001373291016,63.119998931884766,63.02750015258789,63.119998931884766,63.119998931884766,6315,63.150001525878906,43.96570548534963,11.912354842246202,8.165600778696621,63.279998779296875,-0.1104967585008137,46.358151082072766,-3.9048193965206828,62.779998779296875,-0.2225038043906609,31.86083303637756,-14.476790190778628,0.09372603344438478
2024-04-22 15:05:00-04:00,63.150001525878906,63.18000030517578,63.09000015258789,63.09000015258789,63.09000015258789,5402,63.09000015258789,42.55161018151733,17.817127364162115,11.397120341873753,63.18000030517578,-0.15802540463039633,43.96570548534963,-5.160787349969015,62.779998779296875,-0.2225038043906609,31.86083303637756,-14.476790190778628,0.09335344535873537
2024-04-22 15:10:00-04:00,63.09000015258789,63.099998474121094,63.04999923706055,63.099998474121094,63.099998474121094,4761,63.1150016784668,43.20725061221361,26.482734585982094,18.737405597463454,63.18000030517578,-0.15802540463039633,43.96570548534963,-5.160787349969015,62.72999954223633,-0.07964198476065479,31.86083303637756,-14.476790190778628,0.08901802452891652
2024-04-22 15:15:00-04:00,63.1150016784668,63.1150016784668,62.91999816894531,62.970001220703125,62.970001220703125,8576,62.970001220703125,37.2540192392805,17.056276449698295,20.45204613328082,63.18000030517578,-0.15802540463039633,43.96570548534963,-5.160787349969015,62.72999954223633,-0.07964198476065479,31.86083303637756,-14.476790190778628,0.09961657302817331
2024-04-22 15:20:00-04:00,62.970001220703125,62.970001220703125,62.779998779296875,62.82170104980469,62.82170104980469,9962,62.80500030517578,31.86083303637756,11.151503927782382,18.230171654487574,63.18000030517578,-0.15802540463039633,43.96570548534963,-5.160787349969015,62.72999954223633,-0.07964198476065479,31.86083303637756,-14.476790190778628,0.10865515986598098
2024-04-22 15:25:00-04:00,62.80500030517578,62.849998474121094,62.779998779296875,62.849998474121094,62.849998474121094,5320,62.81999969482422,33.82929919732249,3.966722054776762,10.724834144085799,63.18000030517578,-0.15802540463039633,53.36002669597999,21.367384207585978,62.72999954223633,-0.07964198476065479,31.86083303637756,-14.476790190778628,0.10478961336180474
2024-04-22 15:30:00-04:00,62.81999969482422,62.90999984741211,62.81999969482422,62.900001525878906,62.900001525878906,12493,62.880001068115234,37.27747164416078,14.988867573966868,10.035697852175323,63.279998779296875,0.15827552016156252,56.40610992071247,5.708548914504126,62.72999954223633,-0.07964198476065479,31.86083303637756,-14.476790190778628,0.10331066728441334
2024-04-22 15:35:00-04:00,62.880001068115234,62.939998626708984,62.72999954223633,62.90999984741211,62.90999984741211,19893,62.959999084472656,37.97348234059387,27.4273031088828,15.460964245875465,63.38999938964844,0.17383156206310021,59.83631298447013,6.0812615310280185,62.72999954223633,-0.07964198476065479,31.86083303637756,-14.476790190778628,0.11397950900323761
2024-04-22 15:40:00-04:00,62.959999084472656,62.97999954223633,62.880001068115234,62.970001220703125,62.970001220703125,17834,62.959999084472656,42.124065760072405,47.058584241880446,29.824918308243355,63.43000030517578,0.06310288044248803,63.96740066420402,6.903981000310075,62.72999954223633,-0.07964198476065479,31.86083303637756,-14.476790190778628,0.11258140551502323
2024-04-22 15:45:00-04:00,62.959999084472656,62.970001220703125,62.900001525878906,62.90999984741211,62.90999984741211,9097,62.939998626708984,39.29250340207509,56.50111908735518,43.66233547937279,63.43000030517578,0.06310288044248803,63.96740066420402,6.903981000310075,62.72999954223633,-0.07964198476065479,31.86083303637756,-14.476790190778628,0.10832323444594279
2024-04-22 15:50:00-04:00,62.939998626708984,63.15999984741211,62.790000915527344,63.15999984741211,63.15999984741211,31046,63.209999084472656,53.36002669597999,77.39601688577258,60.318573405002724,63.470001220703125,0.06306308581884043,63.96740066420402,6.903981000310075,62.72999954223633,-0.07964198476065479,33.82929919732249,6.178326093035317,0.1344908041898251
2024-04-22 15:55:00-04:00,63.209999084472656,63.279998779296875,63.10499954223633,63.22999954223633,63.22999954223633,60818,63.38999938964844,56.40610992071247,87.1313470313315,73.6761610014864,63.470001220703125,0.06306308581884043,63.96740066420402,6.903981000310075,62.72999954223633,-0.07964198476065479,37.27747164416078,10.19285805102105,0.1385416474768973
2024-04-23 09:30:00-04:00,63.38999938964844,63.38999938964844,63.165199279785156,63.314998626708984,63.314998626708984,2782,63.43000030517578,59.83631298447013,100.0,88.17578797236801,63.52000045776367,0.07877617157542727,63.96740066420402,6.903981000310075,62.72999954223633,-0.07964198476065479,37.97348234059387,1.867108110434621,0.14716749371553567
2024-04-23 09:35:00-04:00,63.43000030517578,63.43000030517578,63.43000030517578,63.43000030517578,63.43000030517578,349,63.232601165771484,63.96740066420402,100.0,95.71044901044382,63.54499816894531,0.039354079032575484,63.96740066420402,6.903981000310075,62.790000915527344,0.0956502052110115,39.29250340207509,3.4735320022814498,0.14395091219066178
2024-04-23 09:40:00-04:00,63.232601165771484,63.32500076293945,63.232601165771484,63.31999969482422,63.31999969482422,2614,63.380001068115234,57.83925438145114,93.63770225686196,97.87923408562064,63.810001373291016,0.41703235814272355,70.30020163257362,9.900044245370463,62.790000915527344,0.0956502052110115,39.29250340207509,3.4735320022814498,0.14929573491202527
2024-04-23 09:45:00-04:00,63.380001068115234,63.470001220703125,63.375,63.415000915527344,63.415000915527344,2975,63.372501373291016,61.288536993985744,90.8564813954781,94.83139455078002,63.88999938964844,0.12536908734640254,71.57960578569798,1.819915339377275,62.790000915527344,0.0956502052110115,53.36002669597999,35.80205402021286,0.14936631400871336
2024-04-23 09:50:00-04:00,63.372501373291016,63.40999984741211,63.18000030517578,63.29999923706055,63.29999923706055,4477,63.369998931884766,55.381804839467705,81.94283697204942,88.81234020812981,63.88999938964844,0.12536908734640254,71.57960578569798,1.819915339377275,63.10499954223633,0.5016700463705334,55.381804839467705,3.7889376536613146,0.15792974364299828
2024-04-23 09:55:00-04:00,63.369998931884766,63.52000045776367,63.369998931884766,63.4900016784668,63.4900016784668,3762,63.45000076293945,61.91289491218595,86.17212797771501,86.32381544841417,63.88999938964844,0.12536908734640254,71.57960578569798,1.819915339377275,63.165199279785156,0.09539614608274626,55.381804839467705,3.7889376536613146,0.16413689134901094
2024-04-23 10:00:00-04:00,63.45000076293945,63.54499816894531,63.380001068115234,63.54499816894531,63.54499816894531,9430,63.560001373291016,63.57490935786706,88.51924573015081,85.54473689330507,63.88999938964844,0.12536908734640254,71.57960578569798,1.819915339377275,63.18000030517578,0.023432246805816365,55.381804839467705,3.7889376536613146,0.16422291229711766
2024-04-23 10:05:00-04:00,63.560001373291016,63.810001373291016,63.560001373291016,63.810001373291016,63.810001373291016,6381,63.88999938964844,70.30020163257362,97.43289015357948,90.7080879538151,63.88999938964844,0.12536908734640254,71.57960578569798,1.819915339377275,63.18000030517578,0.023432246805816365,55.381804839467705,3.7889376536613146,0.17430094150197623
2024-04-23 10:10:00-04:00,63.88999938964844,63.88999938964844,63.779998779296875,63.869998931884766,63.869998931884766,3926,63.845001220703125,71.57960578569798,99.56589689105193,95.17267759159408,63.939998626708984,0.07825831513256805,71.57960578569798,1.819915339377275,63.18000030517578,0.023432246805816365,55.381804839467705,3.7889376536613146,0.16787090838693486
2024-04-23 10:15:00-04:00,63.845001220703125,63.845001220703125,63.65999984741211,63.779998779296875,63.779998779296875,9216,63.779998779296875,66.92245328770542,95.19193717803262,97.39690807422134,63.939998626708984,0.07825831513256805,71.57960578569798,1.819915339377275,63.18000030517578,0.023432246805816365,55.381804839467705,3.7889376536613146,0.17208372599550698
2024-04-23 10:20:00-04:00,63.779998779296875,63.869998931884766,63.689998626708984,63.779998779296875,63.779998779296875,9685,63.7599983215332,66.92245328770542,90.38387435606522,95.04723614171657,63.939998626708984,0.07825831513256805,71.57960578569798,1.819915339377275,63.369998931884766,0.3007259034365966,61.91289491218595,11.792844403770458,0.1728753839135344
2024-04-23 10:25:00-04:00,63.7599983215332,63.82469940185547,63.720001220703125,63.755001068115234,63.755001068115234,3107,63.75,65.54866014979656,79.35005627460559,88.30862260290114,64.06999969482422,0.20331728324581225,73.68315401843202,2.938753587204504,63.380001068115234,0.015783709009084664,63.57490935786706,2.6844398861310306,0.16605766363741534
2024-04-23 10:30:00-04:00,63.75,63.790000915527344,63.72999954223633,63.76499938964844,63.76499938964844,4938,63.790000915527344,65.85061631135906,72.36847453647356,80.70080172238146,64.18000030517578,0.17168817055644328,74.67447314613234,1.3453809638120828,63.560001373291016,0.2840017389433818,65.54866014979656,3.104606537178276,0.15545203460277537
2024-04-23 10:35:00-04:00,63.790000915527344,63.939998626708984,63.7599983215332,63.779998779296875,63.779998779296875,8227,63.84000015258789,66.32742621142074,66.3681163229514,72.69554904467684,64.18000030517578,0.17168817055644328,75.66178216562031,1.3221506331298474,63.65999984741211,0.15732925103918388,65.54866014979656,3.104606537178276,0.15790686166007598
2024-04-23 10:40:00-04:00,63.84000015258789,63.8650016784668,63.779998779296875,63.790000915527344,63.790000915527344,5811,63.81999969482422,66.66170562575226,67.28142447372961,68.67267177771818,64.18000030517578,0.17168817055644328,75.66178216562031,1.3221506331298474,63.65999984741211,0.15732925103918388,65.54866014979656,3.104606537178276,0.15061646541106058
2024-04-23 10:45:00-04:00,63.81999969482422,63.904998779296875,63.779998779296875,63.904998779296875,63.904998779296875,5606,63.904998779296875,70.31101258832847,76.46044058786346,70.03666046151481,64.18000030517578,0.17168817055644328,75.66178216562031,1.3221506331298474,63.689998626708984,0.04712343601756151,65.54866014979656,3.104606537178276,0.14805481886995453
2024-04-23 10:50:00-04:00,63.904998779296875,64.06999969482422,63.900001525878906,64.02999877929688,64.02999877929688,5234,64.06999969482422,73.68315401843202,87.26886162335302,77.00357556164869,64.18000030517578,0.17168817055644328,75.66178216562031,1.3221506331298474,63.720001220703125,0.047107229770858815,65.54866014979656,3.104606537178276,0.15024915387749033
2024-04-23 10:55:00-04:00,64.06999969482422,64.18000030517578,64.02999877929688,64.06999969482422,64.06999969482422,5243,64.0999984741211,74.67447314613234,97.38937155403441,87.0395579217503,64.20999908447266,0.04674163158963986,75.66178216562031,1.3221506331298474,63.72999954223633,0.015691025332175593,65.85061631135906,0.4606595479944955,0.1502243910776319
2024-04-23 11:00:00-04:00,64.0999984741211,64.12999725341797,64.00499725341797,64.11000061035156,64.11000061035156,4846,64.12000274658203,75.66178216562031,100.0,94.8860777257958,64.20999908447266,0.04674163158963986,75.66178216562031,1.3221506331298474,63.7599983215332,0.04707167662380674,64.79131223436117,-1.6086471719402309,0.14770195196986874
2024-04-23 11:05:00-04:00,64.12000274658203,64.12000274658203,63.9900016784668,64.0199966430664,64.0199966430664,4533,64.0250015258789,69.13129317552664,81.9901334448708,93.12650166630173,64.20999908447266,0.04674163158963986,75.66178216562031,1.3221506331298474,63.779998779296875,0.031368347381084016,64.79131223436117,-1.6086471719402309,0.1459318635844053
2024-04-23 11:10:00-04:00,64.0250015258789,64.125,64.0250015258789,64.1050033569336,64.1050033569336,3873,64.11499786376953,71.62255136478005,68.67663574514901,83.55558973000659,64.20999908447266,0.04674163158963986,75.66178216562031,1.3221506331298474,63.779998779296875,0.031368347381084016,63.310839313614245,-2.2849867824744847,0.14183901291932416
2024-04-23 11:15:00-04:00,64.11499786376953,64.16000366210938,64.08000183105469,64.1500015258789,64.1500015258789,2870,64.1500015258789,72.87069692991633,59.47708546009416,70.04795155003798,64.20999908447266,0.04674163158963986,75.66178216562031,1.3221506331298474,63.900001525878906,0.1881510644070197,63.310839313614245,-2.2849867824744847,0.13565529473286048
2024-04-23 11:20:00-04:00,64.1500015258789,64.20999908447266,64.08999633789062,64.1500015258789,64.1500015258789,7604,64.12000274658203,72.87069692991635,68.28740173016855,65.4803743118039,64.20999908447266,0.04674163158963986,75.66178216562031,1.3221506331298474,63.970001220703125,0.10954568568495186,63.310839313614245,-2.2849867824744847,0.13409003991777754
2024-04-23 11:25:00-04:00,64.12000274658203,64.12000274658203,63.970001220703125,64.04000091552734,64.04000091552734,8230,64.03500366210938,64.79131223436117,48.267566096557005,58.67735109560656,64.20999908447266,0.04674163158963986,75.66178216562031,1.3221506331298474,63.970001220703125,0.10954568568495186,63.310839313614245,-2.2849867824744847,0.13868106644357792
2024-04-23 11:30:00-04:00,64.03500366210938,64.09500122070312,63.97999954223633,64.04000091552734,64.04000091552734,4977,64.05999755859375,64.79131223436117,24.13378304827853,46.896250291668025,64.2249984741211,0.023359896997825487,72.87069692991635,-3.6888970307286675,63.970001220703125,0.10954568568495186,63.310839313614245,-2.2849867824744847,0.1363131276458998
2024-04-23 11:35:00-04:00,64.05999755859375,64.06999969482422,64.0199966430664,64.0199966430664,64.0199966430664,3408,64.0199966430664,63.310839313614245,0.0,24.133783048278502,64.2249984741211,0.023359896997825487,72.87069692991635,-3.6888970307286675,63.970001220703125,0.10954568568495186,63.310839313614245,-2.2849867824744847,0.12768212005709106
2024-04-23 11:40:00-04:00,64.0199966430664,64.0999984741211,64.0199966430664,64.02999877929688,64.02999877929688,4652,64.05000305175781,63.756767886183155,1.2034940109760661,8.445759019751522,64.2249984741211,0.023359896997825487,72.87069692991635,-3.6888970307286675,63.970001220703125,0.10954568568495186,58.96708970186203,-6.8609888272609645,0.1229140911568507
2024-04-23 11:45:00-04:00,64.05000305175781,64.11000061035156,64.01000213623047,64.1050033569336,64.1050033569336,4335,64.12999725341797,66.99621545129597,11.149768779473156,4.117754263483064,64.2249984741211,0.023359896997825487,72.87069692991635,-3.6888970307286675,63.880001068115234,-0.14069118472794895,48.47850673120547,-17.787180991442685,0.12062252945327501
2024-04-23 11:50:00-04:00,64.12999725341797,64.1500015258789,64.06999969482422,64.06999969482422,64.06999969482422,5417,64.06500244140625,64.11602617987884,13.322846780919873,8.558703190456356,64.2249984741211,0.023359896997825487,69.89039995752678,-4.089842828394901,63.7400016784668,-0.21915996760732076,46.5504889547172,-3.977056857750135,0.11656045961341625
2024-04-23 11:55:00-04:00,64.06500244140625,64.2249984741211,64.06500244140625,64.21499633789062,64.21499633789062,9224,64.21499633789062,69.89039995752678,29.87659533501613,18.116403631803042,64.2249984741211,0.023359896997825487,69.89039995752678,-4.089842828394901,63.7400016784668,-0.21915996760732076,46.5504889547172,-3.977056857750135,0.12090401692355901
2024-04-23 12:00:00-04:00,64.21499633789062,64.21499633789062,64.12999725341797,64.12999725341797,64.12999725341797,6340,64.0999984741211,63.44509599208564,20.292659107741127,21.164033741225698,64.2249984741211,0.023359896997825487,69.89039995752678,-4.089842828394901,63.7400016784668,-0.21915996760732076,46.5504889547172,-3.977056857750135,0.11731352367846873
2024-04-23 12:05:00-04:00,64.0999984741211,64.11000061035156,64.05500030517578,64.06500244140625,64.06500244140625,3942,64.0199966430664,58.96708970186203,18.119581106294405,22.76294518301721,64.2249984741211,0.023359896997825487,69.89039995752678,-4.089842828394901,63.730098724365234,-0.015536482335719803,42.955712163021666,-7.722318008716125,0.11308186613484061
2024-04-23 12:10:00-04:00,64.0199966430664,64.0199966430664,63.880001068115234,63.880001068115234,63.880001068115234,4028,63.84000015258789,48.47850673120547,0.3623385412220779,12.92485958508586,64.2249984741211,0.023359896997825487,69.89039995752678,-4.089842828394901,63.689998626708984,-0.06292175668781597,42.955712163021666,-7.722318008716125,0.1202738168504581
2024-04-23 12:15:00-04:00,63.84000015258789,63.84000015258789,63.7400016784668,63.84000015258789,63.84000015258789,6338,63.880001068115234,46.5504889547172,0.0,6.160639882505484,64.2249984741211,0.023359896997825487,69.89039995752678,-4.089842828394901,63.689998626708984,-0.06292175668781597,42.955712163021666,-7.722318008716125,0.12224637413025603
2024-04-23 12:20:00-04:00,63.880001068115234,63.900001525878906,63.86000061035156,63.88999938964844,63.88999938964844,1894,63.904998779296875,49.26651912594938,3.439727342822695,1.2673552946815816,64.2249984741211,0.023359896997825487,69.89039995752678,-4.089842828394901,63.689998626708984,-0.06292175668781597,42.955712163021666,-7.722318008716125,0.11602187404633199
2024-04-23 12:25:00-04:00,63.904998779296875,63.904998779296875,63.86000061035156,63.8849983215332,63.8849983215332,3294,63.880001068115234,48.99832076127396,6.53979378715992,3.326507043327529,64.21499633789062,-0.015573587338424032,63.44509599208564,-9.222016141498731,63.689998626708984,-0.06292175668781597,42.955712163021666,-7.722318008716125,0.10891950353623003
2024-04-23 12:30:00-04:00,63.880001068115234,63.880001068115234,63.730098724365234,63.76499938964844,63.76499938964844,5008,63.709999084472656,42.955712163021666,6.53979378715992,5.506438305714169,64.11000061035156,-0.16350655380651147,58.96708970186203,-7.058081038733416,63.689998626708984,-0.06292175668781597,42.955712163021666,-7.722318008716125,0.1135175128994039
2024-04-23 12:35:00-04:00,63.709999084472656,63.790000915527344,63.689998626708984,63.790000915527344,63.790000915527344,4479,63.79499816894531,44.4916560735801,5.000891534368252,6.026826369562688,64.0199966430664,-0.14038990239944515,50.705958093218776,-14.009732632917085,63.689998626708984,-0.06292175668781597,42.955712163021666,-7.722318008716125,0.11216599049129945
2024-04-23 12:40:00-04:00,63.79499816894531,63.81999969482422,63.720001220703125,63.81999969482422,63.81999969482422,3761,63.81999969482422,46.3579926453996,6.111356516191985,5.884013945906709,63.959999084472656,-0.09371690368597974,54.90092585302274,8.273125915680085,63.689998626708984,-0.06292175668781597,42.955712163021666,-7.722318008716125,0.11094923885427888
2024-04-23 12:45:00-04:00,63.81999969482422,63.85499954223633,63.790000915527344,63.849998474121094,63.849998474121094,4909,63.869998931884766,48.23244344621271,12.64163613609974,7.917961395553316,63.9900016784668,0.04690837151907379,54.90092585302274,8.273125915680085,63.689998626708984,-0.06292175668781597,42.955712163021666,-7.722318008716125,0.10635417763974941
2024-04-23 12:50:00-04:00,63.869998931884766,63.88999938964844,63.849998474121094,63.88999938964844,63.88999938964844,4624,63.869998931884766,50.705958093218776,20.33221722747891,13.028403293256867,63.9900016784668,0.04690837151907379,54.90092585302274,8.273125915680085,63.689998626708984,-0.06292175668781597,42.955712163021666,-7.722318008716125,0.09971885142850885
2024-04-23 12:55:00-04:00,63.869998931884766,63.869998931884766,63.814998626708984,63.814998626708984,63.814998626708984,3192,63.79999923706055,46.244307714645494,20.191525131074638,17.721792831551088,63.9900016784668,0.04690837151907379,54.90092585302274,8.273125915680085,63.689998626708984,-0.06292175668781597,42.955712163021666,-7.722318008716125,0.09724704257960329
2024-04-23 13:00:00-04:00,63.79999923706055,63.869998931884766,63.79999923706055,63.869998931884766,63.869998931884766,4930,63.849998474121094,49.73706560960445,22.053587631880376,20.8591099968113,63.9900016784668,0.04690837151907379,54.90092585302274,8.273125915680085,63.689998626708984,-0.06292175668781597,44.4916560735801,3.5756453175059946,0.09452230780406483
2024-04-23 13:05:00-04:00,63.849998474121094,63.959999084472656,63.849998474121094,63.959999084472656,63.959999084472656,6113,63.95000076293945,54.90092585302274,31.895356844544114,24.713489869166366,63.9900016784668,0.04690837151907379,54.90092585302274,8.273125915680085,63.720001220703125,0.047107229770858815,46.244307714645494,3.9392816445556975,0.09607013805881459
2024-04-23 13:10:00-04:00,63.95000076293945,63.9900016784668,63.900001525878906,63.900001525878906,63.900001525878906,6123,63.89500045776367,51.1297617956151,44.84268673870304,32.93054373837583,63.9900016784668,0.04690837151907379,54.90092585302274,8.273125915680085,63.790000915527344,0.109855137293179,46.244307714645494,3.9392816445556975,0.0954631395117222
2024-04-23 13:15:00-04:00,63.89500045776367,63.95000076293945,63.89500045776367,63.94499969482422,63.94499969482422,2958,63.92499923706055,53.698594819371856,66.42855160852301,47.722198397256705,63.9900016784668,0.04690837151907379,55.05682201077411,0.2839590686844273,63.79499816894531,0.007833913381795158,46.244307714645494,3.9392816445556975,0.0914168560781281
2024-04-23 13:20:00-04:00,63.92499923706055,63.93000030517578,63.8849983215332,63.900001525878906,63.900001525878906,3539,63.88999938964844,50.821691804398526,68.94553367364185,60.07225734028929,63.9900016784668,0.04690837151907379,56.359249013095166,2.3656051234961954,63.79499816894531,0.007833913381795158,46.244307714645494,3.9392816445556975,0.08827530779941686
2024-04-23 13:25:00-04:00,63.88999938964844,63.89500045776367,63.86000061035156,63.89500045776367,63.89500045776367,3999,63.89500045776367,50.49788342230981,72.97492880322804,69.44967136179763,64.08000183105469,0.14064721085665555,60.65682512532716,7.6253253680393165,63.79499816894531,0.007833913381795158,49.45406177782514,6.940863041967695,0.08344786857220955
2024-04-23 13:30:00-04:00,63.89500045776367,63.89500045776367,63.79499816894531,63.8849983215332,63.8849983215332,7241,63.869998931884766,49.814274911908655,62.13566434057933,68.01870893914973,64.20999908447266,0.20286711876304753,68.33253775733192,12.65432639467274,63.79499816894531,0.007833913381795158,49.45406177782514,6.940863041967695,0.08510331059682454
2024-04-23 13:35:00-04:00,63.869998931884766,63.900001525878906,63.810001373291016,63.880001068115234,63.880001068115234,4414,63.89500045776367,49.45406177782514,58.319268189323694,64.47662044437702,64.20999908447266,0.20286711876304753,68.33253775733192,12.65432639467274,63.79499816894531,0.007833913381795158,49.45406177782514,6.940863041967695,0.08559299479593115
2024-04-23 13:40:00-04:00,63.89500045776367,63.959999084472656,63.89500045776367,63.959999084472656,63.959999084472656,3469,63.96500015258789,55.05682201077411,70.60603716915524,63.686989899686075,64.20999908447266,0.20286711876304753,68.33253775733192,12.65432639467274,63.79499816894531,0.007833913381795158,49.45406177782514,6.940863041967695,0.08503349695208022
2024-04-23 13:45:00-04:00,63.96500015258789,63.9900016784668,63.939998626708984,63.97999954223633,63.97999954223633,4379,63.97999954223633,56.359249013095166,84.80042797460379,71.24191111102756,64.20999908447266,0.20286711876304753,68.33253775733192,12.65432639467274,63.79499816894531,0.007833913381795158,49.45406177782514,6.940863041967695,0.08153045243265344
2024-04-23 13:50:00-04:00,63.97999954223633,64.08000183105469,63.97999954223633,64.05000305175781,64.05000305175781,5978,64.05000305175781,60.65682512532716,100.0,85.135488381253,64.20999908447266,0.20286711876304753,68.33253775733192,12.65432639467274,63.79499816894531,0.007833913381795158,49.45406177782514,6.940863041967695,0.08337763607122403
2024-04-23 13:55:00-04:00,64.05000305175781,64.20999908447266,64.05000305175781,64.20999908447266,64.20999908447266,5484,64.18000030517578,68.33253775733192,100.0,94.93347599153458,64.20999908447266,0.20286711876304753,68.33253775733192,12.65432639467274,63.79499816894531,0.007833913381795158,49.45406177782514,6.940863041967695,0.091039475735586
2024-04-23 14:00:00-04:00,64.18000030517578,64.20500183105469,63.93000030517578,64.0,64.0,28564,64.04000091552734,53.56192928667491,77.70968453619537,92.56989484539845,64.20999908447266,0.20286711876304753,68.33253775733192,12.65432639467274,63.810001373291016,0.023517838037977273,49.45406177782514,6.940863041967695,0.1099354060917149
2024-04-23 14:05:00-04:00,64.04000091552734,64.06999969482422,63.970001220703125,64.02999877929688,64.02999877929688,8705,63.9900016784668,55.0564737672026,54.26841380978552,77.32603278199362,64.20999908447266,0.20286711876304753,68.33253775733192,12.65432639467274,63.89500045776367,0.13320652349685477,53.56192928667491,8.306430980946669,0.10894171289465278
2024-04-23 14:10:00-04:00,63.9900016784668,64.05999755859375,63.97999954223633,64.03500366210938,64.03500366210938,3295,64.05999755859375,55.314862036622195,31.283373889471243,54.42049074515071,64.20999908447266,0.20286711876304753,68.33253775733192,12.65432639467274,63.93000030517578,0.05477712991839671,53.56192928667491,8.306430980946669,0.10604734324092968
2024-04-23 14:15:00-04:00,64.05999755859375,64.08999633789062,64.02999877929688,64.08999633789062,64.08999633789062,5185,64.08999633789062,58.161163340329594,35.61430458788892,40.388697429048555,64.20999908447266,0.20286711876304753,68.33253775733192,12.65432639467274,63.93000030517578,0.05477712991839671,53.56192928667491,8.306430980946669,0.10144236477621171
2024-04-23 14:20:00-04:00,64.08999633789062,64.0999984741211,64.02999877929688,64.08000183105469,64.08000183105469,5448,64.13999938964844,57.44500143774026,39.83167833693251,35.576452271430874,64.20999908447266,0.20286711876304753,68.33253775733192,12.65432639467274,63.93000030517578,0.05477712991839671,53.50501539329602,-0.10625810932663626,0.09829809778101242
2024-04-23 14:25:00-04:00,64.13999938964844,64.16000366210938,64.08000183105469,64.08000183105469,64.08000183105469,6766,64.06999969482422,57.445001437740274,43.59282127988055,39.67960140156732,64.20500183105469,-0.007782671685440333,60.80508039949885,-11.015919509041494,63.93000030517578,0.05477712991839671,51.88823749135574,-3.0217314957409727,0.09646847110837993
2024-04-23 14:30:00-04:00,64.06999969482422,64.13999938964844,64.06999969482422,64.13999938964844,64.13999938964844,4931,64.1500015258789,60.80508039949885,48.26113077343521,43.89521013008275,64.16000366210938,-0.07008514549025023,60.80508039949885,-11.015919509041494,63.95899963378906,0.04536106440614777,51.88823749135574,-3.0217314957409727,0.09382159347996381
2024-04-23 14:35:00-04:00,64.1500015258789,64.1500015258789,64.08999633789062,64.11000061035156,64.11000061035156,5429,64.11000061035156,58.32531451806211,49.81548131401461,47.223144455776776,64.16000366210938,-0.07008514549025023,60.80508039949885,-11.015919509041494,63.95899963378906,0.04536106440614777,51.88823749135574,-3.0217314957409727,0.09043995293079556
2024-04-23 14:40:00-04:00,64.11000061035156,64.13999938964844,64.05000305175781,64.06999969482422,64.06999969482422,6606,64.0999984741211,55.09858690230256,45.67246585382452,47.91635931375811,64.16000366210938,-0.07008514549025023,60.80508039949885,-11.015919509041494,63.95899963378906,0.04536106440614777,51.88823749135574,-3.0217314957409727,0.0903955914267785
2024-04-23 14:45:00-04:00,64.0999984741211,64.11869812011719,64.05000305175781,64.05000305175781,64.05000305175781,6298,64.02999877929688,53.50501539329602,25.63020779232347,40.37271832005419,64.16999816894531,0.015577472358904963,60.80508039949885,-11.015919509041494,63.95899963378906,0.04536106440614777,51.88823749135574,-3.0217314957409727,0.08822553912003814
2024-04-23 14:50:00-04:00,64.02999877929688,64.05000305175781,63.95899963378906,64.02999877929688,64.02999877929688,6207,64.05000305175781,51.88823749135574,9.966420895777002,27.08969818064166,64.16999816894531,0.015577472358904963,60.80508039949885,-11.015919509041494,63.95899963378906,0.04536106440614777,51.88823749135574,-3.0217314957409727,0.08850332700490933
2024-04-23 14:55:00-04:00,64.05000305175781,64.06999969482422,64.05000305175781,64.06999969482422,64.06999969482422,3055,64.08999633789062,54.82764918327556,5.958319183296934,13.851649290465794,64.16999816894531,0.015577472358904963,60.80508039949885,-11.015919509041494,63.95899963378906,0.04536106440614777,51.88823749135574,-3.0217314957409727,0.08365308585715278
2024-04-23 15:00:00-04:00,64.08999633789062,64.08999633789062,64.05000305175781,64.05000305175781,64.05000305175781,10041,64.06500244140625,53.081722493074224,8.37756674914978,8.10076894274123,64.16999816894531,0.015577472358904963,62.14112022080896,2.1972503161448347,63.95899963378906,0.04536106440614777,51.88823749135574,-3.0217314957409727,0.07928710588471875
2024-04-23 15:05:00-04:00,64.06500244140625,64.08000183105469,64.05000305175781,64.08000183105469,64.08000183105469,2378,64.07499694824219,55.37740775680755,21.420936102314766,11.918940678253819,64.16999816894531,0.015577472358904963,62.14112022080896,2.1972503161448347,63.95899963378906,0.04536106440614777,51.88823749135574,-3.0217314957409727,0.07435827322593438
2024-04-23 15:10:00-04:00,64.07499694824219,64.16999816894531,64.07499694824219,64.0999984741211,64.0999984741211,16759,64.0999984741211,56.89156419216034,34.16627228353937,21.321591711667963,64.16999816894531,0.015577472358904963,62.14112022080896,2.1972503161448347,63.95899963378906,0.04536106440614777,51.88823749135574,-3.0217314957409727,0.07642256797365345
2024-04-23 15:15:00-04:00,64.0999984741211,64.16999816894531,64.09500122070312,64.09500122070312,64.09500122070312,9671,64.08999633789062,56.376721291982655,48.52607176705533,34.70442671763648,64.22000122070312,0.07792278819482837,63.69988312846717,2.508424215912729,63.95899963378906,0.04536106440614777,51.88823749135574,-3.0217314957409727,0.07628000600050686
2024-04-23 15:20:00-04:00,64.08999633789062,64.12999725341797,64.04000091552734,64.12999725341797,64.12999725341797,11685,64.0999984741211,59.16377035747033,62.68041854527419,48.457587531956285,64.26000213623047,0.06228731667237703,64.33939311529345,1.0039421666387363,64.04000091552734,0.12664563580117172,53.081722493074224,2.300107036623306,0.07765163918951867
2024-04-23 15:25:00-04:00,64.0999984741211,64.16999816894531,64.0999984741211,64.16999816894531,64.16999816894531,8662,64.1449966430664,62.14112022080896,77.310096514086,62.83886227547183,64.36499786376953,0.1633920386688951,66.85388882342536,3.9081744268648118,64.04000091552734,0.12664563580117172,53.081722493074224,2.300107036623306,0.07688644475298868
2024-04-23 15:30:00-04:00,64.1449966430664,64.1449966430664,64.08999633789062,64.11000061035156,64.11000061035156,6681,64.0999984741211,55.593862822740746,72.57847530961298,70.85633012299105,64.38839721679688,0.03635415801126754,67.47164155475983,0.9240341021388785,64.04000091552734,0.12664563580117172,55.37740775680755,4.324813054122071,0.07719798338315856
2024-04-23 15:35:00-04:00,64.0999984741211,64.12000274658203,64.06500244140625,64.11499786376953,64.11499786376953,11963,64.11499786376953,56.00960176723383,58.77980145941034,69.5561244277031,64.38839721679688,0.03635415801126754,67.47164155475983,0.9240341021388785,63.560001373291016,-0.74953081726135,27.59812576285735,-50.16356510572724,0.07497821556242082
2024-04-23 15:40:00-04:00,64.11499786376953,64.22000122070312,64.1050033569336,64.22000122070312,64.22000122070312,11798,64.20999908447266,63.69988312846717,58.77980145941034,63.37935940947788,64.38839721679688,0.03635415801126754,67.47164155475983,0.9240341021388785,63.560001373291016,-0.74953081726135,27.59812576285735,-50.16356510572724,0.07898018038313186
2024-04-23 15:45:00-04:00,64.20999908447266,64.26000213623047,64.16500091552734,64.2300033569336,64.2300033569336,17700,64.18000030517578,64.33939311529345,80.0657089478479,65.87510395555618,64.38839721679688,0.03635415801126754,67.47164155475983,0.9240341021388785,63.560001373291016,-0.74953081726135,27.59812576285735,-50.16356510572724,0.08058228441513117
2024-04-23 15:50:00-04:00,64.18000030517578,64.36499786376953,64.1500015258789,64.2699966430664,64.2699966430664,32218,64.2699966430664,66.85388882342536,100.0,79.61517013575273,64.38839721679688,0.03635415801126754,67.47164155475983,0.9240341021388785,63.560001373291016,-0.74953081726135,27.59812576285735,-50.16356510572724,0.09402368976268055
2024-04-23 15:55:00-04:00,64.2699966430664,64.38839721679688,64.18000030517578,64.27999877929688,64.27999877929688,77705,63.63999938964844,67.47164155475983,100.0,93.35523631594928,64.38839721679688,0.03635415801126754,67.47164155475983,0.9240341021388785,63.560001373291016,-0.74953081726135,27.59812576285735,-50.16356510572724,0.10546101194852187
2024-04-24 09:30:00-04:00,63.63999938964844,63.93000030517578,63.560001373291016,63.560001373291016,63.560001373291016,6762,63.6349983215332,27.59812576285735,66.66666666666666,88.88888888888887,64.38839721679688,0.03635415801126754,67.47164155475983,0.9240341021388785,63.560001373291016,-0.74953081726135,27.59812576285735,-50.16356510572724,0.1669146513542556
2024-04-24 09:35:00-04:00,63.6349983215332,63.869998931884766,63.61690139770508,63.849998474121094,63.849998474121094,2924,63.900001525878906,42.37064111918163,45.68281315131675,70.78315993932779,64.38839721679688,0.03635415801126754,67.47164155475983,0.9240341021388785,63.560001373291016,-0.74953081726135,27.59812576285735,-50.16356510572724,0.18122294207820505
2024-04-24 09:40:00-04:00,63.900001525878906,64.08999633789062,63.86000061035156,64.04499816894531,64.04499816894531,3844,63.970001220703125,49.78930705666004,30.900792097222556,47.75009063840198,64.38839721679688,0.03635415801126754,67.47164155475983,0.9240341021388785,63.560001373291016,-0.74953081726135,27.59812576285735,-50.16356510572724,0.18710043424733766
2024-04-24 09:45:00-04:00,63.970001220703125,64.30999755859375,63.959999084472656,64.30999755859375,64.30999755859375,4722,64.29000091552734,57.74928270101791,56.10645918338042,44.230021477306565,64.38839721679688,0.03635415801126754,67.47164155475983,0.9240341021388785,63.560001373291016,-0.74953081726135,27.59812576285735,-50.16356510572724,0.2033902382347133
2024-04-24 09:50:00-04:00,64.29000091552734,64.37000274658203,64.26000213623047,64.37000274658203,64.37000274658203,2005,64.30000305175781,59.3218363596691,70.27726479526807,52.42817202529034,64.38839721679688,0.03635415801126754,67.47164155475983,0.9240341021388785,63.560001373291016,-0.74953081726135,27.59812576285735,-50.16356510572724,0.19405127544639822
2024-04-24 09:55:00-04:00,64.30000305175781,64.30999755859375,64.23999786376953,64.23999786376953,64.23999786376953,1366,64.06999969482422,54.58186914600215,74.283735417986,66.88915313221149,64.37000274658203,-0.028567988969983586,59.3218363596691,-12.078860106695885,63.560001373291016,-0.74953081726135,27.59812576285735,-50.16356510572724,0.1876466361830084
2024-04-24 10:00:00-04:00,64.06999969482422,64.11000061035156,64.05999755859375,64.11000061035156,64.11000061035156,2619,63.97999954223633,50.257517710539176,68.0207938457924,70.86059801968214,64.37000274658203,-0.028567988969983586,59.3218363596691,-12.078860106695885,63.61690139770508,0.08952174824523029,42.37064111918163,53.52724124551136,0.1868820030822857
2024-04-24 10:05:00-04:00,63.97999954223633,64.2699966430664,63.970001220703125,64.2699966430664,64.2699966430664,6627,64.30500030517578,54.984602453812435,64.39496701168322,68.89983209182053,64.41000366210938,0.06214216843336666,59.3218363596691,-12.078860106695885,63.86000061035156,0.382129917216078,48.49846504318971,14.462429083316264,0.19819334501038527
2024-04-24 10:10:00-04:00,64.30500030517578,64.30500030517578,64.20500183105469,64.20500183105469,64.20500183105469,3120,64.22000122070312,52.789922873456284,62.896941537081716,65.1042341315191,64.41000366210938,0.06214216843336666,59.3218363596691,-12.078860106695885,63.959999084472656,0.156590155285536,48.49846504318971,14.462429083316264,0.1883738579214561
2024-04-24 10:15:00-04:00,64.22000122070312,64.30000305175781,64.12999725341797,64.12999725341797,64.12999725341797,6757,64.13500213623047,50.295046617635506,62.9283148319877,63.406741126917545,64.41000366210938,0.06214216843336666,59.3218363596691,-12.078860106695885,63.970001220703125,0.015638111903752253,48.49846504318971,14.462429083316264,0.18653705196329487
2024-04-24 10:20:00-04:00,64.13500213623047,64.21499633789062,64.05000305175781,64.18000030517578,64.18000030517578,3773,64.13500213623047,51.92621837367696,60.37157675710696,62.065611042058784,64.41000366210938,0.06214216843336666,54.984602453812435,-7.311361501960182,63.970001220703125,0.015638111903752253,47.3829139089602,-2.3001782288080097,0.18438267538024664
2024-04-24 10:25:00-04:00,64.13500213623047,64.13500213623047,64.06500244140625,64.08000183105469,64.08000183105469,80274,64.08000183105469,48.49846504318971,56.78401765926413,60.02796974945292,64.41000366210938,0.06214216843336666,54.984602453812435,-7.311361501960182,63.970001220703125,0.015638111903752253,45.703638919364224,-3.544051750009449,0.1774441942191751
2024-04-24 10:30:00-04:00,64.08000183105469,64.41000366210938,64.08000183105469,64.26499938964844,64.26499938964844,5606,64.26499938964844,54.48450295552073,60.28630587796528,59.14730009811211,64.41000366210938,0.06214216843336666,54.984602453812435,-7.311361501960182,63.970001220703125,0.015638111903752253,45.703638919364224,-3.544051750009449,0.19269995790272634
2024-04-24 10:35:00-04:00,64.26499938964844,64.26499938964844,64.20999908447266,64.20999908447266,64.20999908447266,844,64.12999725341797,52.52967826192485,66.14513469934292,61.07181941219077,64.41000366210938,0.06214216843336666,54.48450295552073,-0.9095264419012425,63.845001220703125,-0.1954040919410601,40.71764758376562,-10.909396830295028,0.17892999263003184
2024-04-24 10:40:00-04:00,64.12999725341797,64.16000366210938,64.11499786376953,64.12000274658203,64.12000274658203,2491,64.11000061035156,49.4060497643592,62.50757269953214,62.979671092280114,64.41000366210938,0.06214216843336666,54.48450295552073,-0.9095264419012425,63.71500015258789,-0.20361980676582508,36.686584812271036,-9.900038461705712,0.17053711543734115
2024-04-24 10:45:00-04:00,64.11000061035156,64.11000061035156,64.02999877929688,64.05999755859375,64.05999755859375,2242,64.05999755859375,47.3829139089602,40.031185671960756,56.22796435694527,64.41000366210938,0.06214216843336666,54.48450295552073,-0.9095264419012425,63.71500015258789,-0.20361980676582508,36.686584812271036,-9.900038461705712,0.16248380062212267
2024-04-24 10:50:00-04:00,64.05999755859375,64.08000183105469,64.01000213623047,64.01000213623047,64.01000213623047,4840,64.0199966430664,45.703638919364224,13.834636329701974,38.79113156706495,64.41000366210938,0.06214216843336666,54.48450295552073,-0.9095264419012425,63.71500015258789,-0.20361980676582508,36.686584812271036,-9.900038461705712,0.15323539004233228
2024-04-24 10:55:00-04:00,64.0199966430664,64.0199966430664,64.01300048828125,64.01300048828125,64.01300048828125,1509,64.0199966430664,45.82763698226779,0.30351070922347434,18.05644423696206,64.41000366210938,0.06214216843336666,54.48450295552073,-0.9095264419012425,63.71500015258789,-0.20361980676582508,36.686584812271036,-9.900038461705712,0.1389113017216928
2024-04-24 11:00:00-04:00,64.0199966430664,64.04000091552734,63.845001220703125,63.86000061035156,63.86000061035156,3389,63.834999084472656,40.71764758376562,0.30351070922347434,4.813885916049636,64.26499938964844,-0.22512694335746405,52.52967826192485,-3.5878545045950645,63.71500015258789,-0.20361980676582508,36.686584812271036,-9.900038461705712,0.14452014103194538
2024-04-24 11:05:00-04:00,63.834999084472656,63.834999084472656,63.71500015258789,63.720001220703125,63.720001220703125,1612,63.744998931884766,36.686584812271036,0.30351070922347434,0.30351070922347434,64.16000366210938,-0.16337933328600454,49.4060497643592,-5.94640706152916,63.70000076293945,-0.023541378972794798,36.686584812271036,-9.900038461705712,0.14456817270511804
2024-04-24 11:10:00-04:00,63.744998931884766,63.84000015258789,63.72999954223633,63.79499816894531,63.79499816894531,5943,63.77000045776367,40.1072701245436,6.23143151220689,2.2794843102179416,64.11000061035156,-0.07793492659562071,47.3829139089602,-4.094915228091086,63.68000030517578,-0.03139789250255097,36.686584812271036,-9.900038461705712,0.1421112486230828
2024-04-24 11:15:00-04:00,63.77000045776367,63.83000183105469,63.77000045776367,63.82500076293945,63.82500076293945,2322,63.834999084472656,41.46965055374852,15.189531186150276,7.241491135860208,64.08000183105469,-0.0467926673081816,46.07111152436056,-2.7685135344780334,63.68000030517578,-0.03139789250255097,36.686584812271036,-9.900038461705712,0.1339002610898761
2024-04-24 11:25:00-04:00,63.834999084472656,63.880001068115234,63.834999084472656,63.880001068115234,63.880001068115234,2592,63.779998779296875,43.985117942340075,28.858794956825594,16.75991921839425,64.04000091552734,-0.0624233994761816,49.14688228528835,6.676137516893735,63.68000030517578,-0.03139789250255097,36.686584812271036,-9.900038461705712,0.1260102654984666
2024-04-24 11:30:00-04:00,63.779998779296875,63.779998779296875,63.7599983215332,63.7599983215332,63.7599983215332,1580,63.709999084472656,39.950768754597654,28.740782471222932,24.26303620473293,64.04000091552734,-0.0624233994761816,52.286847420018724,6.388940638194446,63.68000030517578,-0.03139789250255097,36.686584812271036,-9.900038461705712,0.1254095136068231
2024-04-24 11:35:00-04:00,63.709999084472656,63.709999084472656,63.70000076293945,63.709999084472656,63.709999084472656,714,63.68000030517578,38.37157916654734,22.93847203194233,26.846016486663615,64.01499938964844,-0.03904048332523415,52.286847420018724,6.388940638194446,63.68000030517578,-0.03139789250255097,36.686584812271036,-9.900038461705712,0.11886831810551579
2024-04-24 11:40:00-04:00,63.68000030517578,63.79499816894531,63.68000030517578,63.77000045776367,63.77000045776367,4984,63.81999969482422,41.36684184306731,18.03475973967851,23.238004747614585,64.01499938964844,-0.03904048332523415,52.286847420018724,6.388940638194446,63.68000030517578,-0.03139789250255097,38.37157916654734,4.592944159012326,0.11848127267191733
2024-04-24 11:50:00-04:00,63.81999969482422,63.869998931884766,63.75080108642578,63.869998931884766,63.869998931884766,3215,63.939998626708984,46.07111152436056,31.666067843777796,24.213099871799542,64.05000305175781,0.054680406847016666,52.85578000577954,1.0880988505399851,63.68000030517578,-0.03139789250255097,38.37157916654734,4.592944159012326,0.11855292995062403
2024-04-24 11:55:00-04:00,63.939998626708984,63.939998626708984,63.939998626708984,63.939998626708984,63.939998626708984,610,63.98500061035156,49.14688228528835,61.164423312928974,36.95508363212843,64.05000305175781,0.054680406847016666,52.85578000577954,1.0880988505399851,63.68000030517578,-0.03139789250255097,38.37157916654734,4.592944159012326,0.1136976064379835
2024-04-24 12:00:00-04:00,63.98500061035156,64.01499938964844,63.939998626708984,64.01499938964844,64.01499938964844,2255,64.0,52.286847420018724,85.73220516785081,59.520898774852526,64.05000305175781,0.054680406847016666,52.85578000577954,1.0880988505399851,63.68000030517578,-0.03139789250255097,38.37157916654734,4.592944159012326,0.10982792208813046
2024-04-24 12:05:00-04:00,64.0,64.0,63.91999816894531,63.91999816894531,63.91999816894531,3139,63.904998779296875,48.22496497210264,90.64172147298365,79.1794499845878,64.05000305175781,0.054680406847016666,52.85578000577954,1.0880988505399851,63.68000030517578,-0.03139789250255097,38.37157916654734,4.592944159012326,0.10834525194962992
2024-04-24 12:10:00-04:00,63.904998779296875,63.939998626708984,63.904998779296875,63.939998626708984,63.939998626708984,3050,63.935001373291016,49.12108902368971,84.55658295423913,86.97683653169118,64.05000305175781,0.054680406847016666,52.85578000577954,1.0880988505399851,63.68000030517578,-0.03139789250255097,41.36684184306731,7.805940598689943,0.10101071149587786
2024-04-24 12:15:00-04:00,63.935001373291016,64.05000305175781,63.93000030517578,64.0250015258789,64.0250015258789,4653,63.97999954223633,52.85578000577954,84.55658295423913,86.5849624604873,64.05000305175781,0.054680406847016666,52.85578000577954,1.0880988505399851,63.75080108642578,0.1111821308271028,46.07111152436056,11.372078388627674,0.1029099150044932
2024-04-24 12:20:00-04:00,63.97999954223633,63.97999954223633,63.93000030517578,63.93000030517578,63.93000030517578,3277,63.8849983215332,48.56514395782807,84.390384024015,84.50118331083108,64.05000305175781,0.054680406847016666,54.404015055281526,2.929168861631955,63.86000061035156,0.17129121840797182,47.65436156091156,3.4365353562477883,0.10211904557435639
2024-04-24 12:25:00-04:00,63.8849983215332,63.91999816894531,63.86000061035156,63.91999816894531,63.91999816894531,1898,63.88999938964844,48.12222612775391,80.26110847932667,83.06935848586026,64.05000305175781,0.054680406847016666,54.404015055281526,2.929168861631955,63.86000061035156,0.17129121840797182,47.65436156091156,3.4365353562477883,0.09890711049934262
2024-04-24 12:30:00-04:00,63.88999938964844,63.959999084472656,63.86000061035156,63.90999984741211,63.90999984741211,4197,63.88999938964844,47.65436156091156,68.29078186252703,77.6474247886229,64.0999984741211,0.07805686179730659,56.89515165192041,4.578957259142665,63.86000061035156,0.17129121840797182,47.65436156091156,3.4365353562477883,0.09901624686151773
2024-04-24 12:35:00-04:00,63.88999938964844,64.0,63.88999938964844,64.0,64.0,3010,63.98500061035156,52.16294120580166,75.54160048631566,74.69783027605644,64.19000244140625,0.14041180877951703,59.236482471664466,4.1151675525326255,63.86000061035156,0.17129121840797182,47.65436156091156,3.4365353562477883,0.10011468321052222
2024-04-24 12:40:00-04:00,63.98500061035156,64.01000213623047,63.98500061035156,64.01000213623047,64.01000213623047,1074,64.0250015258789,52.651035725512415,85.9640132656517,76.59879853816479,64.19000244140625,0.14041180877951703,59.707934093532444,0.7958805151765969,63.86000061035156,0.17129121840797182,47.65436156091156,3.4365353562477883,0.09260336747736062
2024-04-24 12:45:00-04:00,64.0250015258789,64.05000305175781,64.0250015258789,64.04499816894531,64.04499816894531,2842,64.03500366210938,54.404015055281526,97.93433988245131,86.47998454480621,64.25,0.0934686965443206,63.76834856180208,6.80046049141308,63.86000061035156,0.17129121840797182,47.65436156091156,3.4365353562477883,0.08734312228235894
2024-04-24 12:50:00-04:00,64.03500366210938,64.03500366210938,64.01000213623047,64.01000213623047,64.01000213623047,1443,64.05000305175781,52.31807071670318,94.19548538318287,92.69794617709529,64.27999877929688,0.04669070707684825,64.20015055466209,0.6771415641123619,63.86000061035156,0.17129121840797182,47.65436156091156,3.4365353562477883,0.08210841332560742
2024-04-24 12:55:00-04:00,64.05000305175781,64.0999984741211,64.05000305175781,64.0999984741211,64.0999984741211,2672,64.12000274658203,56.89515165192041,94.66667529679907,95.59883352081107,64.27999877929688,0.04669070707684825,64.20015055466209,0.6771415641123619,63.86000061035156,0.17129121840797182,47.65436156091156,3.4365353562477883,0.08289720578210917
2024-04-24 13:00:00-04:00,64.12000274658203,64.19000244140625,64.0999984741211,64.1500015258789,64.1500015258789,4651,64.16500091552734,59.236482471664466,94.66667529679907,94.50961199226033,64.28500366210938,0.007786065506447954,65.05549792566482,1.3323136528698103,63.88999938964844,0.04697585187935665,52.16294120580166,9.461001044211356,0.08360788193241388
2024-04-24 13:05:00-04:00,64.16500091552734,64.19000244140625,64.16000366210938,64.16000366210938,64.16000366210938,2042,64.19999694824219,59.707934093532444,100.0,96.44445019786605,64.30000305175781,0.023332641819974544,65.05549792566482,1.3323136528698103,63.98500061035156,0.148694978260584,52.31807071670318,0.297394102624471,0.07924718529190686
2024-04-24 13:10:00-04:00,64.19999694824219,64.25,64.19000244140625,64.25,64.25,2893,64.26000213623047,63.76834856180208,100.0,98.22222509893301,64.30000305175781,0.023332641819974544,65.05549792566482,1.3323136528698103,64.01000213623047,0.039074041791696844,52.31807071670318,0.297394102624471,0.08032210055177867
2024-04-24 13:15:00-04:00,64.26000213623047,64.27999877929688,64.2300033569336,64.26000213623047,64.26000213623047,3438,64.25499725341797,64.20015055466209,100.0,100.0,64.30000305175781,0.023332641819974544,65.05549792566482,1.3323136528698103,64.01000213623047,0.039074041791696844,52.31807071670318,0.297394102624471,0.07728943273292893
2024-04-24 13:20:00-04:00,64.25499725341797,64.25499725341797,64.22000122070312,64.25,64.25,3410,64.27999877929688,63.38661089765986,98.3610338209327,99.4536779403109,64.37000274658203,0.10886421695481571,65.95480713612001,1.3823723422773202,64.05000305175781,0.062491664103074177,56.89515165192041,8.74856597828623,0.07356058101237042
2024-04-24 13:25:00-04:00,64.27999877929688,64.28500366210938,64.27999877929688,64.28500366210938,64.28500366210938,2622,64.29499816894531,65.05549792566482,98.3610338209327,98.90735588062181,64.37000274658203,0.10886421695481571,65.95480713612001,1.3823723422773202,64.0999984741211,0.07805686179730659,57.8423018002446,1.6647291040171106,0.06970488912207087
2024-04-24 13:30:00-04:00,64.29499816894531,64.30000305175781,64.23999786376953,64.23999786376953,64.23999786376953,3544,64.23999786376953,61.19333324072947,90.96273407012193,95.89493390399578,64.37000274658203,0.10886421695481571,65.95480713612001,1.3823723422773202,64.16000366210938,0.09361183996362647,57.8423018002446,1.6647291040171106,0.06873491900869191
2024-04-24 13:35:00-04:00,64.23999786376953,64.23999786376953,64.20999908447266,64.20999908447266,64.20999908447266,3229,64.22000122070312,58.69214398839707,80.41216311421415,89.91197700175626,64.37000274658203,0.10886421695481571,65.95480713612001,1.3823723422773202,64.19000244140625,0.04675619947726284,57.8423018002446,1.6647291040171106,0.06486130503751023
2024-04-24 13:40:00-04:00,64.22000122070312,64.27999877929688,64.22000122070312,64.27999877929688,64.27999877929688,3439,64.30999755859375,62.539748133098584,73.90776462747515,81.76088727060373,64.37000274658203,0.10886421695481571,65.95480713612001,1.3823723422773202,64.12000274658203,-0.1090507745160404,55.60210118384419,-3.8729451399372468,0.06537514401618108
2024-04-24 13:45:00-04:00,64.30999755859375,64.37000274658203,64.30999755859375,64.3499984741211,64.3499984741211,3424,64.34500122070312,65.95480713612001,81.30606437828591,78.54199737332506,64.37000274658203,0.10886421695481571,65.95480713612001,1.3823723422773202,64.12000274658203,-0.1090507745160404,53.1756043773459,-4.364037967693455,0.06783802634307859
2024-04-24 13:50:00-04:00,64.34500122070312,64.34500122070312,64.23999786376953,64.25,64.25,4150,64.25,57.8423018002446,73.66557501629475,76.29313467401859,64.37000274658203,0.10886421695481571,65.95480713612001,1.3823723422773202,64.12000274658203,-0.1090507745160404,53.1756043773459,-4.364037967693455,0.07205428474392697
2024-04-24 13:55:00-04:00,64.25,64.2699966430664,64.25,64.2699966430664,64.2699966430664,2369,64.26000213623047,58.930178709459305,62.99912897785198,72.65692279081087,64.37000274658203,0.10886421695481571,65.95480713612001,1.3823723422773202,64.12000274658203,-0.1090507745160404,53.1756043773459,-4.364037967693455,0.0668485205761749
2024-04-24 14:00:00-04:00,64.26000213623047,64.2699966430664,64.23799896240234,64.2699966430664,64.2699966430664,3208,64.25,58.930178709459305,37.15330279858231,57.93933559757634,64.37000274658203,0.10886421695481571,65.95480713612001,1.3823723422773202,64.12000274658203,-0.1090507745160404,53.1756043773459,-4.364037967693455,0.06336343658496366
2024-04-24 14:05:00-04:00,64.25,64.25,64.12000274658203,64.2300033569336,64.2300033569336,3655,64.2300033569336,55.60210118384419,23.64999596221523,41.267475912883164,64.37000274658203,0.10886421695481571,65.95480713612001,1.3823723422773202,64.12000274658203,-0.1090507745160404,52.963621782806335,-0.3986463285594042,0.0720264825749048
2024-04-24 14:10:00-04:00,64.2300033569336,64.26000213623047,64.19999694824219,64.19999694824219,64.19999694824219,2955,64.19999694824219,53.1756043773459,7.487507154063655,22.763601971620393,64.37000274658203,0.10886421695481571,65.95480713612001,1.3823723422773202,64.12000274658203,-0.1090507745160404,52.963621782806335,-0.3986463285594042,0.07082435311624244
2024-04-24 14:15:00-04:00,64.19999694824219,64.2699966430664,64.19999694824219,64.23999786376953,64.23999786376953,5063,64.26000213623047,55.9362494538811,7.200879764427569,12.77946096023548,64.34500122070312,-0.038840336821694174,61.485516750335044,-6.776292100378789,64.12000274658203,-0.1090507745160404,52.963621782806335,-0.3986463285594042,0.07074188728704008
2024-04-24 14:20:00-04:00,64.26000213623047,64.31999969482422,64.26000213623047,64.31999969482422,64.31999969482422,2110,64.27999877929688,60.901215976434784,27.35240185053615,14.013596256342453,64.33000183105469,-0.02331088563817047,61.485516750335044,-6.776292100378789,64.12000274658203,-0.1090507745160404,52.963621782806335,-0.3986463285594042,0.07166788166380482
2024-04-24 14:25:00-04:00,64.27999877929688,64.33000183105469,64.27999877929688,64.33000183105469,64.33000183105469,4737,64.30000305175781,61.485516750335044,49.028016857853714,27.860432824272475,64.33000183105469,-0.02331088563817047,61.485516750335044,-6.776292100378789,64.12000274658203,-0.1090507745160404,51.756636889176946,-2.27889417868552,0.06950139867320558
2024-04-24 14:30:00-04:00,64.30000305175781,64.30000305175781,64.22000122070312,64.2300033569336,64.2300033569336,4909,64.2699966430664,52.963621782806335,41.82713709342614,39.402518600605326,64.33999633789062,0.015536307401615443,61.485516750335044,-6.776292100378789,64.12000274658203,-0.1090507745160404,51.756636889176946,-2.27889417868552,0.07355131984104127
2024-04-24 14:35:00-04:00,64.2699966430664,64.31999969482422,64.24500274658203,64.30999755859375,64.30999755859375,3375,64.26499938964844,57.980814656555104,34.54894087481697,41.80136494203227,64.33999633789062,0.015536307401615443,61.485516750335044,-6.776292100378789,64.19999694824219,0.12475701533624842,51.756636889176946,-2.27889417868552,0.07519582164599964
2024-04-24 14:40:00-04:00,64.26499938964844,64.29000091552734,64.26499938964844,64.27999877929688,64.27999877929688,2225,64.30000305175781,55.586263273738844,19.602610428802723,31.99289613234861,64.40480041503906,0.10072129443108714,62.73181933193539,2.0269856178667562,64.19999694824219,0.12475701533624842,51.756636889176946,-2.27889417868552,0.07217605637593091
2024-04-24 14:45:00-04:00,64.30000305175781,64.30999755859375,64.26000213623047,64.29000091552734,64.29000091552734,4834,64.23500061035156,56.23525346214784,27.997101489125164,27.38288426424828,64.41000366210938,0.008078973984519169,62.73181933193539,2.0269856178667562,64.22000122070312,0.031159304379819324,51.756636889176946,-2.27889417868552,0.06995799297466596
2024-04-24 14:50:00-04:00,64.23500061035156,64.2699966430664,64.2300033569336,64.23500061035156,64.23500061035156,4201,64.26000213623047,51.756636889176946,15.123775621625763,20.907829179851213,64.45999908447266,0.0776205861213018,64.37072182282967,2.6125537380356914,64.22000122070312,0.031159304379819324,51.756636889176946,-2.27889417868552,0.06896194953657436
2024-04-24 14:55:00-04:00,64.26000213623047,64.33999633789062,64.26000213623047,64.2699966430664,64.2699966430664,4935,64.30000305175781,54.25315527589791,16.948125265386977,20.023000792045963,64.5031967163086,0.06701463302741978,67.0303813576656,4.131784543532439,64.22000122070312,0.031159304379819324,51.756636889176946,-2.27889417868552,0.07256532733682317
2024-04-24 15:00:00-04:00,64.30000305175781,64.30000305175781,64.2699966430664,64.30000305175781,64.30000305175781,3402,64.30999755859375,56.33940702101192,24.25523670962206,18.775712532211596,64.55999755859375,0.08805895703893862,69.6365353168238,3.888018994330474,64.2300033569336,0.015574799190823248,51.756636889176946,-2.27889417868552,0.06830943547228148
2024-04-24 15:05:00-04:00,64.30999755859375,64.40480041503906,64.30000305175781,64.40480041503906,64.40480041503906,4334,64.38500213623047,62.73181933193539,57.58857004295539,32.930644005988135,64.66999816894531,0.1703850906309708,69.6365353168238,3.888018994330474,64.2300033569336,0.015574799190823248,51.756636889176946,-2.27889417868552,0.07195822825317834
2024-04-24 15:10:00-04:00,64.38500213623047,64.41000366210938,64.37999725341797,64.37999725341797,64.37999725341797,3002,64.41000366210938,60.47502202281622,75.51402530211433,52.45261068489725,64.66999816894531,0.1703850906309708,69.6365353168238,3.888018994330474,64.2300033569336,0.015574799190823248,51.756636889176946,-2.27889417868552,0.06776304629700113
2024-04-24 15:15:00-04:00,64.41000366210938,64.45999908447266,64.41000366210938,64.44999694824219,64.44999694824219,4345,64.43009948730469,64.37072182282967,93.14575613089016,75.41611715865328,64.66999816894531,0.1703850906309708,69.6365353168238,3.888018994330474,64.2300033569336,0.015574799190823248,51.756636889176946,-2.27889417868552,0.06898692477276977
2024-04-24 15:20:00-04:00,64.43009948730469,64.5031967163086,64.38999938964844,64.5031967163086,64.5031967163086,7600,64.50499725341797,67.0303813576656,93.14575613089016,87.2685125212982,64.66999816894531,0.1703850906309708,69.6365353168238,3.888018994330474,64.26000213623047,0.046705243233708546,54.25315527589791,4.823571500726745,0.07340796496150842
2024-04-24 15:25:00-04:00,64.50499725341797,64.55999755859375,64.48999786376953,64.55999755859375,64.55999755859375,10262,64.62000274658203,69.6365353168238,100.0,95.4305040872601,64.66999816894531,0.1703850906309708,69.6365353168238,3.888018994330474,64.2699966430664,0.015553231409406523,56.33940702101192,3.845401681256379,0.07306713794777946
2024-04-24 15:30:00-04:00,64.62000274658203,64.66999816894531,64.52999877929688,64.52999877929688,64.52999877929688,10149,64.5,66.64042768708553,94.41438357556974,95.85337990215329,64.66999816894531,0.1703850906309708,69.6365353168238,3.888018994330474,64.30000305175781,0.04668805081483291,52.564986491609,-6.699432473606342,0.07976036311784526
2024-04-24 15:35:00-04:00,64.5,64.5,64.4000015258789,64.43000030517578,64.43000030517578,6779,64.4000015258789,57.72470678970786,72.2072691162444,88.8738842306047,64.66999816894531,0.1703850906309708,69.6365353168238,3.888018994330474,63.90999984741211,-0.6065368364473839,31.716075154267777,-39.6631155620469,0.08478405214785761
2024-04-24 15:40:00-04:00,64.4000015258789,64.5199966430664,64.4000015258789,64.51000213623047,64.51000213623047,16348,64.5,62.09406039218527,58.14590115944822,74.92251795042078,64.66999816894531,0.1703850906309708,69.6365353168238,3.888018994330474,63.689998626708984,-0.3442359900303355,26.61239950628806,-16.091763003950874,0.08830515865182184
2024-04-24 15:45:00-04:00,64.5,64.5,64.45999908447266,64.4800033569336,64.4800033569336,10365,64.45999908447266,59.60628615097164,45.032214552896946,58.46179494286318,64.66999816894531,0.1703850906309708,69.6365353168238,3.888018994330474,63.45000076293945,-0.3768219013100841,23.148005633189396,-13.017968831709771,0.08447494796242092
2024-04-24 15:50:00-04:00,64.45999908447266,64.54499816894531,64.36000061035156,64.5199966430664,64.5199966430664,22632,64.47000122070312,61.803405946317156,52.63609659416289,51.93807076883601,64.66999816894531,0.1703850906309708,69.6365353168238,3.888018994330474,63.220001220703125,-0.3624894239097767,19.184465268904628,-17.122599791499447,0.09452720902555382
2024-04-24 15:55:00-04:00,64.47000122070312,64.56999969482422,64.4000015258789,64.4000015258789,64.4000015258789,67535,63.970001220703125,52.564986491609,34.871130088831386,44.179813745297075,64.66999816894531,0.1703850906309708,66.64042768708553,-4.302493821823469,63.06999969482422,-0.23726909677721444,17.53007816457855,-8.623576842705175,0.10207430501752968
2024-04-25 09:30:00-04:00,63.970001220703125,63.970001220703125,63.90999984741211,63.90999984741211,63.90999984741211,3400,64.08999633789062,31.716075154267777,20.237099786479575,35.91477548982461,64.56999969482422,-0.15462884947028382,62.09406039218527,-6.8222360700444895,63.06999969482422,-0.23726909677721444,17.53007816457855,-8.623576842705175,0.1408670423624564
2024-04-25 09:35:00-04:00,64.08999633789062,64.08999633789062,63.689998626708984,63.689998626708984,63.689998626708984,500,63.630001068115234,26.61239950628806,1.5069988712056204,18.87174291550552,64.56999969482422,-0.15462884947028382,62.09406039218527,-6.8222360700444895,62.97999954223633,-0.14269883149416981,17.53007816457855,-8.623576842705175,0.1667801092443748
2024-04-25 09:40:00-04:00,63.630001068115234,63.63999938964844,63.45000076293945,63.5,63.5,2814,63.31999969482422,23.148005633189396,0.0,7.248032885895061,64.56999969482422,-0.15462884947028382,61.803405946317156,-0.46808735655607686,62.97999954223633,-0.14269883149416981,17.53007816457855,-8.623576842705175,0.17410188469689045
2024-04-25 09:45:00-04:00,63.31999969482422,63.369998931884766,63.220001220703125,63.220001220703125,63.220001220703125,2603,63.08000183105469,19.184465268904628,0.0,0.5023329570685354,64.56999969482422,-0.15462884947028382,61.803405946317156,-0.46808735655607686,62.97999954223633,-0.14269883149416981,17.53007816457855,-8.623576842705175,0.18469157415688892
2024-04-25 09:50:00-04:00,63.08000183105469,63.08000183105469,63.06999969482422,63.076698303222656,63.076698303222656,1186,63.150001525878906,17.53007816457855,0.0,0.0,64.56999969482422,-0.15462884947028382,52.564986491609,-14.94807496973987,62.97999954223633,-0.14269883149416981,17.53007816457855,-8.623576842705175,0.18122256932909064
2024-04-25 09:55:00-04:00,63.150001525878906,63.32500076293945,63.084999084472656,63.275001525878906,63.275001525878906,4920,63.06999969482422,26.921598437343235,6.0079056007232925,2.0026352002410928,64.08999633789062,-0.743384480722043,31.716075154267777,-39.6631155620469,62.97999954223633,-0.14269883149416981,17.53007816457855,-8.623576842705175,0.18793055836786127
2024-04-25 10:00:00-04:00,63.06999969482422,63.119998931884766,62.97999954223633,63.099998474121094,63.099998474121094,6604,63.08000183105469,24.29246604920136,10.333913197609276,5.447272932777518,64.08999633789062,-0.743384480722043,30.567584874164673,-3.621161428445414,62.97999954223633,-0.14269883149416981,17.53007816457855,-8.623576842705175,0.19863770089533295
2024-04-25 10:05:00-04:00,63.08000183105469,63.08000183105469,62.9900016784668,62.9900016784668,62.9900016784668,793,63.09040069580078,22.786196987762672,13.90146998505403,10.081096261128861,63.63999938964844,-0.7021328974177908,30.567584874164673,-3.621161428445414,62.97999954223633,-0.14269883149416981,17.53007816457855,-8.623576842705175,0.18977361037122936
2024-04-25 10:10:00-04:00,63.09040069580078,63.130001068115234,63.029998779296875,63.11000061035156,63.11000061035156,4783,63.189998626708984,28.029078520470573,15.746692875907387,13.327358686190228,63.369998931884766,-0.42426219414387617,30.567584874164673,-3.621161428445414,62.93000030517578,-0.07938907180686124,17.53007816457855,-8.623576842705175,0.18479618829895017
2024-04-25 10:15:00-04:00,63.189998626708984,63.220001220703125,63.13999938964844,63.16999816894531,63.16999816894531,4097,63.119998931884766,30.567584874164673,21.172586596246735,16.94024981906938,63.32500076293945,-0.07100863137725502,30.567584874164673,-3.621161428445414,62.93000030517578,-0.07938907180686124,17.53007816457855,-8.623576842705175,0.1773166305042114
2024-04-25 10:20:00-04:00,63.119998931884766,63.150001525878906,63.11000061035156,63.1349983215332,63.1349983215332,1775,63.119998931884766,29.904939194116274,26.92204726194674,21.280442244700282,63.32500076293945,-0.07100863137725502,30.567584874164673,-3.621161428445414,62.849998474121094,-0.12712828645593954,22.786196987762672,29.983430614728725,0.16558472331316526
2024-04-25 10:25:00-04:00,63.119998931884766,63.220001220703125,63.03499984741211,63.09000015258789,63.09000015258789,4636,63.1349983215332,29.033507942366576,27.729836719658763,25.27482352595074,63.220001220703125,-0.1658105660817906,30.567584874164673,-3.621161428445414,62.81999969482422,-0.0477307558077781,22.786196987762672,29.983430614728725,0.1675263883109503
2024-04-25 10:30:00-04:00,63.1349983215332,63.1349983215332,63.06999969482422,63.10499954223633,63.10499954223633,1492,63.11000061035156,29.768170016211975,29.62164776059344,28.091177247399642,63.220001220703125,-0.1658105660817906,31.945290327669067,4.507079833673129,62.81999969482422,-0.0477307558077781,22.786196987762672,29.983430614728725,0.1572736121507537
2024-04-25 10:35:00-04:00,63.11000061035156,63.11000061035156,62.93000030517578,63.064998626708984,63.064998626708984,5810,63.029998779296875,28.90867474292303,47.0413166952407,34.79760039183096,63.220001220703125,-0.1658105660817906,31.945290327669067,4.507079833673129,62.81999969482422,-0.0477307558077781,24.20143244172829,6.21093311326006,0.15954628145325644
2024-04-25 10:40:00-04:00,63.029998779296875,63.029998779296875,62.93000030517578,62.95249938964844,62.95249938964844,3010,62.97999954223633,26.58393199462889,61.52862289577685,46.06386245053699,63.220001220703125,-0.1658105660817906,31.945290327669067,4.507079833673129,62.81999969482422,-0.0477307558077781,24.20143244172829,6.21093311326006,0.15709148546125112
2024-04-25 10:45:00-04:00,62.97999954223633,63.02000045776367,62.849998474121094,62.900001525878906,62.900001525878906,4009,62.935001373291016,25.55132084056263,70.3930308264097,59.654323472475745,63.220001220703125,-0.1658105660817906,31.945290327669067,4.507079833673129,62.7400016784668,-0.12734482130857597,24.20143244172829,6.21093311326006,0.1583825352793838
2024-04-25 10:50:00-04:00,62.935001373291016,62.935001373291016,62.81999969482422,62.83000183105469,62.83000183105469,5931,62.880001068115234,24.20143244172829,60.71316986226116,64.21160786148256,63.220001220703125,-0.1658105660817906,31.945290327669067,4.507079833673129,62.654998779296875,-0.13548437503325092,24.20143244172829,6.21093311326006,0.1540444495981251
2024-04-25 10:55:00-04:00,62.880001068115234,62.970001220703125,62.880001068115234,62.970001220703125,62.970001220703125,4580,62.900001525878906,31.945290327669067,70.89827904576967,67.33482657814685,63.1349983215332,-0.13445570630910608,31.945290327669067,4.507079833673129,62.654998779296875,-0.13548437503325092,24.20143244172829,6.21093311326006,0.15263994360315633
2024-04-25 11:00:00-04:00,62.900001525878906,62.9900016784668,62.900001525878906,62.93000030517578,62.93000030517578,3084,62.91999816894531,30.97167035014704,80.1801283482538,70.59719241876154,63.11000061035156,-0.03959406327110768,42.00821891101079,31.50050752434649,62.654998779296875,-0.13548437503325092,24.20143244172829,6.21093311326006,0.14637596450162976
2024-04-25 11:05:00-04:00,62.91999816894531,62.92499923706055,62.82500076293945,62.849998474121094,62.849998474121094,2147,62.81999969482422,29.063796481038807,85.96981280030029,79.01607339810792,63.029998779296875,-0.12676569526377926,42.00821891101079,31.50050752434649,62.654998779296875,-0.13548437503325092,24.20143244172829,6.21093311326006,0.1422383222750996
2024-04-25 11:10:00-04:00,62.81999969482422,62.83000183105469,62.7400016784668,62.76750183105469,62.76750183105469,5035,62.709999084472656,27.202903789891053,68.71051153622093,78.28681756159168,63.02000045776367,-0.015862798233921623,42.00821891101079,31.50050752434649,62.654998779296875,-0.13548437503325092,24.20143244172829,6.21093311326006,0.13901416961301932
2024-04-25 11:15:00-04:00,62.709999084472656,62.709999084472656,62.654998779296875,62.709999084472656,62.709999084472656,3033,62.689998626708984,25.95542237914093,46.47056831529299,67.05029755060472,63.0099983215332,-0.01587136807016089,42.00821891101079,31.50050752434649,62.654998779296875,-0.13548437503325092,24.20143244172829,6.21093311326006,0.13636305782749863
2024-04-25 11:20:00-04:00,62.689998626708984,62.720001220703125,62.689998626708984,62.720001220703125,62.720001220703125,994,62.727500915527344,26.586069119878847,33.88869532246703,49.689925057993655,63.0099983215332,-0.01587136807016089,42.00821891101079,31.50050752434649,62.654998779296875,-0.13548437503325092,25.95542237914093,7.247463312908694,0.12572701144416282
2024-04-25 11:25:00-04:00,62.727500915527344,63.0099983215332,62.727500915527344,63.0099983215332,63.0099983215332,4030,62.974998474121094,42.00821891101079,51.14799658654638,43.83575340810213,63.0099983215332,-0.01587136807016089,42.00821891101079,31.50050752434649,62.654998779296875,-0.13548437503325092,25.95542237914093,7.247463312908694,0.14215402038275435
2024-04-25 11:30:00-04:00,62.974998474121094,62.974998474121094,62.84000015258789,62.900001525878906,62.900001525878906,3531,62.90999984741211,38.688372724848826,70.71673250777488,51.91780813892942,63.0099983215332,-0.01587136807016089,42.00821891101079,31.50050752434649,62.654998779296875,-0.13548437503325092,25.95542237914093,7.247463312908694,0.14493843523901015
2024-04-25 11:35:00-04:00,62.90999984741211,62.91999816894531,62.90999984741211,62.91999816894531,62.91999816894531,683,62.939998626708984,39.62253073879366,89.31955078246637,70.39475995892921,63.0099983215332,-0.01587136807016089,44.83917403781521,6.739050595792805,62.654998779296875,-0.13548437503325092,25.95542237914093,7.247463312908694,0.13244425602174975
2024-04-25 11:40:00-04:00,62.939998626708984,62.939998626708984,62.93000030517578,62.93000030517578,62.93000030517578,1685,62.93000030517578,40.11403008320687,85.77373257981745,81.93667195668623,63.1150016784668,0.16664554789824462,50.69988456058554,13.070514005962025,62.654998779296875,-0.13548437503325092,25.95542237914093,7.247463312908694,0.12119987619594197
2024-04-25 11:45:00-04:00,62.93000030517578,62.97999954223633,62.880001068115234,62.880001068115234,62.880001068115234,6631,62.849998474121094,38.42991131753001,85.2899069182461,86.79439676017664,63.2599983215332,0.2297340397851488,51.55274723506178,1.6821787305197606,62.689998626708984,0.05586122112203184,26.586069119878847,2.429730217932169,0.11907973598845714
2024-04-25 11:50:00-04:00,62.849998474121094,62.90999984741211,62.7599983215332,62.807498931884766,62.807498931884766,3219,62.779998779296875,36.065410809924536,78.63117236778821,83.23160395528392,63.2599983215332,0.2297340397851488,55.30010906300831,7.268985706736286,62.727500915527344,0.0598218051362049,36.065410809924536,35.655296190281206,0.12217191497750206
2024-04-25 11:55:00-04:00,62.779998779296875,62.81999969482422,62.75,62.81999969482422,62.81999969482422,1964,62.86000061035156,36.78758639544248,72.40425116276965,78.77511014960133,63.290000915527344,0.04742743406606759,56.50783324077801,2.183945381361976,62.75,0.035867975201108175,36.065410809924536,35.655296190281206,0.11695469296217373
2024-04-25 12:00:00-04:00,62.86000061035156,62.970001220703125,62.849998474121094,62.970001220703125,62.970001220703125,7222,63.0099983215332,44.83917403781521,79.10264786609682,76.71269046555156,63.290000915527344,0.04742743406606759,56.50783324077801,2.183945381361976,62.75,0.035867975201108175,36.065410809924536,35.655296190281206,0.12025937625384697
2024-04-25 12:05:00-04:00,63.0099983215332,63.1150016784668,63.0099983215332,63.099998474121094,63.099998474121094,3063,63.10499954223633,50.69988456058554,90.22726059233251,80.57805320706633,63.290000915527344,0.04742743406606759,56.50783324077801,2.183945381361976,62.75,0.035867975201108175,36.065410809924536,35.655296190281206,0.12273348440482948
2024-04-25 12:10:00-04:00,63.10499954223633,63.2599983215332,63.060001373291016,63.119998931884766,63.119998931884766,5352,63.12120056152344,51.55274723506178,100.0,89.77663615280977,63.290000915527344,0.04742743406606759,56.50783324077801,2.183945381361976,62.75,0.035867975201108175,36.065410809924536,35.655296190281206,0.1304598307885653
2024-04-25 12:15:00-04:00,63.12120056152344,63.209999084472656,63.12120056152344,63.209999084472656,63.209999084472656,987,63.2599983215332,55.30010906300831,100.0,96.74242019744418,63.290000915527344,0.04742743406606759,56.50783324077801,2.183945381361976,62.75,0.035867975201108175,36.065410809924536,35.655296190281206,0.12641386296849783
2024-04-25 12:20:00-04:00,63.2599983215332,63.290000915527344,63.220001220703125,63.2400016784668,63.2400016784668,4662,63.247501373291016,56.50783324077801,100.0,100.0,63.290000915527344,0.04742743406606759,56.50783324077801,2.183945381361976,62.75,0.035867975201108175,36.78758639544248,2.002404989434408,0.12177265977711679
2024-04-25 12:25:00-04:00,63.247501373291016,63.2599983215332,63.18000030517578,63.18000030517578,63.18000030517578,2487,63.189998626708984,53.400460387830165,96.53833595239406,98.84611198413135,63.290000915527344,0.04742743406606759,56.50783324077801,2.183945381361976,62.849998474121094,0.15936011812126494,44.83917403781521,21.886697202212268,0.11759519543514729
2024-04-25 12:30:00-04:00,63.189998626708984,63.26900100708008,63.084999084472656,63.084999084472656,63.084999084472656,7049,63.16999816894531,48.82264094947665,84.00689173421407,93.51507589553603,63.290000915527344,0.04742743406606759,56.50783324077801,2.183945381361976,63.0099983215332,0.2545741468521919,48.82264094947665,8.883898950283903,0.12423586815237475
2024-04-25 12:35:00-04:00,63.16999816894531,63.275001525878906,63.16999816894531,63.20000076293945,63.20000076293945,4450,63.2400016784668,53.967120833198976,79.86401611013217,86.80308126558009,63.290000915527344,0.04742743406606759,56.50783324077801,2.183945381361976,63.060001373291016,0.07935732913791291,48.82264094947665,8.883898950283903,0.1308125254777623
2024-04-25 12:40:00-04:00,63.2400016784668,63.2400016784668,63.13999938964844,63.13999938964844,63.13999938964844,2243,63.165000915527344,51.08194225395556,74.47824372960187,79.44971719131604,63.290000915527344,0.04742743406606759,56.50783324077801,2.183945381361976,63.084999084472656,0.039641152295040026,48.82264094947665,8.883898950283903,0.127731501811822
2024-04-25 12:45:00-04:00,63.165000915527344,63.2400016784668,63.119998931884766,63.189998626708984,63.189998626708984,4624,63.189998626708984,53.32142593135424,81.81394476518892,78.71873486830765,63.290000915527344,0.04742743406606759,56.50783324077801,2.183945381361976,63.084999084472656,0.039641152295040026,48.82264094947665,8.883898950283903,0.1269586262888429
2024-04-25 12:50:00-04:00,63.189998626708984,63.189998626708984,63.150001525878906,63.150001525878906,63.150001525878906,2808,63.20000076293945,51.29826158658186,77.46211341114314,77.9181006353113,63.275001525878906,-0.02369946189202472,55.189432197693534,-2.333129705162848,63.084999084472656,0.039641152295040026,48.82264094947665,8.883898950283903,0.11826247374296643
2024-04-25 12:55:00-04:00,63.20000076293945,63.23500061035156,63.18000030517578,63.23500061035156,63.23500061035156,3044,63.27000045776367,55.189432197693534,84.15977030190801,81.14527615941336,63.275001525878906,-0.02369946189202472,55.189432197693534,-2.333129705162848,63.084999084472656,0.039641152295040026,48.82264094947665,8.883898950283903,0.11493613481593541
2024-04-25 13:00:00-04:00,63.27000045776367,63.27000045776367,63.09000015258789,63.130001068115234,63.130001068115234,5577,63.220001220703125,49.88693472283619,78.16414154095307,79.92867508466809,63.275001525878906,-0.02369946189202472,55.189432197693534,-2.333129705162848,63.09000015258789,0.007927507629092296,49.62866374478027,1.6509201051571936,0.12144255185191999
2024-04-25 13:05:00-04:00,63.220001220703125,63.22999954223633,63.150001525878906,63.22999954223633,63.22999954223633,1857,63.13999938964844,54.38214541146482,80.5864918117124,80.9701345515245,63.27000045776367,-0.007903702875754152,55.189432197693534,-2.333129705162848,63.09000015258789,0.007927507629092296,49.62866374478027,1.6509201051571936,0.11929814407883736
2024-04-25 13:10:00-04:00,63.13999938964844,63.220001220703125,63.130001068115234,63.220001220703125,63.220001220703125,2174,63.17499923706055,53.861910792266464,71.25999182251769,76.67020839172773,63.27000045776367,-0.007903702875754152,55.189432197693534,-2.333129705162848,63.09000015258789,0.007927507629092296,49.62866374478027,1.6509201051571936,0.11736817708306299
2024-04-25 13:15:00-04:00,63.17499923706055,63.189998626708984,63.13999938964844,63.15999984741211,63.15999984741211,2936,63.220001220703125,50.725805473129085,57.372712300209514,69.73973197814654,63.275001525878906,0.007904327610322798,55.189432197693534,-2.333129705162848,63.09000015258789,0.007927507629092296,49.62866374478027,1.6509201051571936,0.11363154248022544
2024-04-25 13:20:00-04:00,63.220001220703125,63.220001220703125,63.13999938964844,63.154998779296875,63.154998779296875,3107,63.150001525878906,50.46207503850222,37.222527557666005,55.28507722679774,63.275001525878906,0.007904327610322798,55.59131297132024,0.7281842875047791,63.09000015258789,0.007927507629092296,49.62866374478027,1.6509201051571936,0.11026857133767165
2024-04-25 13:25:00-04:00,63.150001525878906,63.185001373291016,63.11000061035156,63.13999938964844,63.13999938964844,7388,63.130001068115234,49.62866374478027,18.861473003972836,37.818904287282784,63.404998779296875,0.20544804469866515,63.197172026165084,13.681740272565126,63.09000015258789,0.007927507629092296,49.62866374478027,1.6509201051571936,0.10674179049784979
2024-04-25 13:30:00-04:00,63.130001068115234,63.2400016784668,63.130001068115234,63.20000076293945,63.20000076293945,3947,63.21500015258789,52.97446621064593,32.34367082625591,29.475890462631583,63.404998779296875,0.20544804469866515,63.197172026165084,13.681740272565126,63.11000061035156,0.03170147046330523,49.62866374478027,1.6509201051571936,0.10706767248322106
2024-04-25 13:35:00-04:00,63.21500015258789,63.255001068115234,63.21500015258789,63.22999954223633,63.22999954223633,2814,63.220001220703125,54.598207737728046,55.47085682464908,35.55866688495927,63.404998779296875,0.20544804469866515,63.197172026165084,13.681740272565126,63.11000061035156,0.03170147046330523,49.62866374478027,1.6509201051571936,0.10186093575247708
2024-04-25 13:40:00-04:00,63.220001220703125,63.275001525878906,63.20000076293945,63.209999084472656,63.209999084472656,5062,63.25,53.2773773910461,73.84661670679714,53.887048119234045,63.439998626708984,0.05520045435839925,63.197172026165084,13.681740272565126,63.11000061035156,0.03170147046330523,49.62866374478027,1.6509201051571936,0.09917491847117468
2024-04-25 13:45:00-04:00,63.25,63.2599983215332,63.22999954223633,63.25,63.25,1825,63.25,55.59131297132024,85.44307035037016,71.58684796060545,63.529998779296875,0.14186657398507493,65.52864127272846,3.689198696419672,63.11000061035156,0.03170147046330523,49.62866374478027,1.6509201051571936,0.0942573503301119
2024-04-25 13:50:00-04:00,63.25,63.404998779296875,63.244998931884766,63.404998779296875,63.404998779296875,9009,63.3849983215332,63.197172026165084,88.53842580188885,82.60937095301871,63.56999969482422,0.06296382228229985,65.52864127272846,3.689198696419672,63.11000061035156,0.03170147046330523,49.62866374478027,1.6509201051571936,0.10083160003831164
2024-04-25 13:55:00-04:00,63.3849983215332,63.3849983215332,63.32500076293945,63.34000015258789,63.34000015258789,2726,63.310001373291016,58.660021921952364,88.85372410358619,87.61174008528172,63.56999969482422,0.06296382228229985,65.52864127272846,3.689198696419672,63.130001068115234,0.031691423815944815,52.97446621064593,6.741673487466318,0.09874824167022266
2024-04-25 14:00:00-04:00,63.310001373291016,63.34000015258789,63.279998779296875,63.29999923706055,63.29999923706055,5085,63.310001373291016,55.99567706418941,71.16203485612557,82.85139492053354,63.56999969482422,0.06296382228229985,65.52864127272846,3.689198696419672,63.20000076293945,0.11088182106743724,53.2773773910461,0.5718060078145702,0.09487355483230195
2024-04-25 14:05:00-04:00,63.310001373291016,63.439998626708984,63.279998779296875,63.439998626708984,63.439998626708984,9343,63.435001373291016,62.427817692832335,69.27198593456443,76.42924829809205,63.595001220703125,0.03932912694498855,65.52864127272846,3.689198696419672,63.20000076293945,0.11088182106743724,53.2773773910461,0.5718060078145702,0.10138618409028269
2024-04-25 14:10:00-04:00,63.435001373291016,63.529998779296875,63.435001373291016,63.52000045776367,63.52000045776367,5846,63.51499938964844,65.52864127272846,80.41826183097824,73.61742754055608,63.595001220703125,0.03932912694498855,65.52864127272846,3.689198696419672,63.22999954223633,0.04746642236508693,55.59131297132024,4.3431859704547415,0.10074730628184034
2024-04-25 14:15:00-04:00,63.51499938964844,63.56999969482422,63.474998474121094,63.52000045776367,63.52000045776367,6154,63.540000915527344,65.52864127272846,98.10995107843884,82.60006628132716,63.595001220703125,0.03932912694498855,65.52864127272846,3.689198696419672,63.244998931884766,0.02372195122098367,55.68850000643521,0.17482414053632722,0.10017269772396879
2024-04-25 14:20:00-04:00,63.540000915527344,63.540000915527344,63.470001220703125,63.47999954223633,63.47999954223633,4924,63.47999954223633,62.535832660823445,93.72575924159973,90.75132405033894,63.595001220703125,0.03932912694498855,65.52864127272846,3.689198696419672,63.279998779296875,0.05534010277999121,55.68850000643521,0.17482414053632722,0.09715539743399379
2024-04-25 14:25:00-04:00,63.47999954223633,63.529998779296875,63.380001068115234,63.380001068115234,63.380001068115234,7211,63.400001525878906,55.68850000643521,73.09650311215607,88.31073781073155,63.595001220703125,0.03932912694498855,65.52864127272846,3.689198696419672,63.279998779296875,0.05534010277999121,55.68850000643521,0.17482414053632722,0.10243962880875848
2024-04-25 14:30:00-04:00,63.400001525878906,63.595001220703125,63.400001525878906,63.5,63.5,10182,63.47999954223633,61.18139287784833,63.98276194021887,76.93500809799156,63.595001220703125,0.03932912694498855,65.52864127272846,3.689198696419672,63.279998779296875,0.05534010277999121,55.68850000643521,0.17482414053632722,0.1136956811866717
2024-04-25 14:35:00-04:00,63.47999954223633,63.53499984741211,63.45000076293945,63.529998779296875,63.529998779296875,8383,63.51499938964844,62.43504889954777,62.043022467919386,66.3740958400981,63.709999084472656,0.18082846381343273,68.22595976377431,4.116243582435474,63.380001068115234,0.15803143291317007,55.68850000643521,0.17482414053632722,0.11082602151527014
2024-04-25 14:40:00-04:00,63.51499938964844,63.58720016479492,63.51499938964844,63.54999923706055,63.54999923706055,4160,63.55500030517578,63.286357371523884,76.57145525140834,67.53241321984886,63.709999084472656,0.18082846381343273,68.22595976377431,4.116243582435474,63.380001068115234,0.15803143291317007,55.68850000643521,0.17482414053632722,0.10696349687839155
2024-04-25 14:45:00-04:00,63.55500030517578,63.55500030517578,63.47999954223633,63.47999954223633,63.47999954223633,3227,63.5,58.306023635639,66.03384260700322,68.21610677544363,63.775001525878906,0.10202863340189929,68.94896469071024,1.0597211522406749,63.380001068115234,0.15803143291317007,55.68850000643521,0.17482414053632722,0.1037672234844977
2024-04-25 14:50:00-04:00,63.5,63.529998779296875,63.47999954223633,63.52000045776367,63.52000045776367,8223,63.540000915527344,60.23195606038383,56.48085686961662,66.36205157600939,63.79999923706055,0.03919672376879041,68.94896469071024,1.0597211522406749,63.380001068115234,0.15803143291317007,55.68850000643521,0.17482414053632722,0.09839042484210261
2024-04-25 14:55:00-04:00,63.540000915527344,63.57500076293945,63.529998779296875,63.54999923706055,63.54999923706055,4141,63.57500076293945,61.662209953505275,49.48420117677137,57.33296688446373,63.79999923706055,0.03919672376879041,68.94896469071024,1.0597211522406749,63.400001525878906,0.03155641752384502,58.306023635639,4.700294726741274,0.09405141287547047
2024-04-25 15:00:00-04:00,63.57500076293945,63.709999084472656,63.57500076293945,63.709999084472656,63.709999084472656,5768,63.65999984741211,68.22595976377431,69.13555499311369,58.36687101316721,63.79999923706055,0.03919672376879041,68.94896469071024,1.0597211522406749,63.45000076293945,0.07886314803973302,58.306023635639,4.700294726741274,0.10064625632913438
2024-04-25 15:05:00-04:00,63.65999984741211,63.689998626708984,63.65999984741211,63.689998626708984,63.689998626708984,3283,63.685001373291016,66.68892492633738,82.81600777807775,67.14525464932093,63.79999923706055,0.03919672376879041,68.94896469071024,1.0597211522406749,63.47999954223633,0.047279399426574956,58.306023635639,4.700294726741274,0.09558155440227563
2024-04-25 15:10:00-04:00,63.685001373291016,63.775001525878906,63.65999984741211,63.75,63.75,6690,63.79999923706055,68.94896469071024,95.91348681687771,82.62168319602303,63.79999923706055,0.03919672376879041,68.94896469071024,1.0597211522406749,63.47999954223633,0.047279399426574956,58.306023635639,4.700294726741274,0.09752356680872776
2024-04-25 15:15:00-04:00,63.79999923706055,63.79999923706055,63.68000030517578,63.7400016784668,63.7400016784668,8260,63.75,68.11959137696907,93.8286596420435,90.85271807899964,63.79999923706055,0.03919672376879041,68.94896469071024,1.0597211522406749,63.36000061035156,-0.18903423558616206,44.75273542948697,-23.24509092036198,0.09977110331633154
2024-04-25 15:20:00-04:00,63.75,63.79999923706055,63.7400016784668,63.7400016784668,63.7400016784668,5607,63.75,68.11959137696907,95.8303456503316,95.19083070308426,63.79999923706055,0.03919672376879041,68.94896469071024,1.0597211522406749,63.29999923706055,-0.09469913622635412,40.12065932625594,-10.350375365388317,0.09579374884407339
2024-04-25 15:25:00-04:00,63.75,63.77000045776367,63.65999984741211,63.720001220703125,63.720001220703125,4938,63.720001220703125,66.27022500443552,89.09669603836056,92.9185671102452,63.79999923706055,0.03919672376879041,68.94896469071024,1.0597211522406749,63.06999969482422,-0.3633484123356343,31.70602597099324,-20.973317728494948,0.09721443499482231
2024-04-25 15:30:00-04:00,63.720001220703125,63.775001525878906,63.68000030517578,63.775001525878906,63.775001525878906,8636,63.72999954223633,68.78031496393908,90.75758199447522,91.89487456105577,63.79999923706055,0.03919672376879041,68.94896469071024,1.0597211522406749,62.86000061035156,-0.33296192403484287,28.37351304684086,-10.510661056043999,0.09699311356565257
2024-04-25 15:35:00-04:00,63.72999954223633,63.72999954223633,63.6349983215332,63.665000915527344,63.665000915527344,10272,63.625,59.27885527983411,62.55595181747172,80.80340995010249,63.79999923706055,0.03919672376879041,68.94896469071024,1.0597211522406749,62.560001373291016,-0.4772498156978129,25.09591654243255,-11.551606242756884,0.10129412264365763
2024-04-25 15:40:00-04:00,63.625,63.625,63.36000061035156,63.42499923706055,63.42499923706055,9973,63.42499923706055,44.75273542948697,35.956268096109426,63.08993396935211,63.79999923706055,0.03919672376879041,68.78031496393908,-0.24460081094428274,62.560001373291016,-0.4772498156978129,25.09591654243255,-11.551606242756884,0.12166474089686999
2024-04-25 15:45:00-04:00,63.42499923706055,63.45000076293945,63.29999923706055,63.31999969482422,63.31999969482422,12907,63.29999923706055,40.12065932625594,3.0468759814956154,33.85303196502558,63.79999923706055,0.03919672376879041,68.78031496393908,-0.24460081094428274,62.560001373291016,-0.4772498156978129,25.09591654243255,-11.551606242756884,0.12449841939507363
2024-04-25 15:50:00-04:00,63.29999923706055,63.29999923706055,63.06999969482422,63.06999969482422,63.06999969482422,27104,63.02000045776367,31.70602597099324,0.0,13.001048025868338,63.775001525878906,-0.03918136595700741,68.78031496393908,-0.24460081094428274,62.560001373291016,-0.4772498156978129,25.09591654243255,-11.551606242756884,0.13704857745556626
2024-04-25 15:55:00-04:00,63.02000045776367,63.04999923706055,62.86000061035156,62.939998626708984,62.939998626708984,60218,62.81999969482422,28.37351304684086,0.0,1.0156253271651956,63.775001525878906,-0.03918136595700741,68.78031496393908,-0.24460081094428274,62.560001373291016,-0.4772498156978129,25.09591654243255,-11.551606242756884,0.14434362815727525
2024-04-26 09:30:00-04:00,62.81999969482422,62.81999969482422,62.560001373291016,62.790000915527344,62.790000915527344,25110,62.900001525878906,25.09591654243255,0.0,0.0,63.900001525878906,0.19600156332301605,61.90409561658831,-9.997365308600159,62.560001373291016,-0.4772498156978129,25.09591654243255,-11.551606242756884,0.16790899068334458
2024-04-26 09:35:00-04:00,62.900001525878906,63.14500045776367,62.86000061035156,63.14500045776367,63.14500045776367,1449,63.189998626708984,42.133179959762764,12.950269241431903,4.316756413810625,63.900001525878906,0.19600156332301605,61.90409561658831,-9.997365308600159,62.560001373291016,-0.4772498156978129,25.09591654243255,-11.551606242756884,0.18661804583864294
2024-04-26 09:40:00-04:00,63.189998626708984,63.46500015258789,63.189998626708984,63.46500015258789,63.46500015258789,2978,63.400001525878906,52.599296883402346,33.8559846571344,15.602084632855425,63.900001525878906,0.19600156332301605,61.90409561658831,-9.997365308600159,62.560001373291016,-0.4772498156978129,25.09591654243255,-11.551606242756884,0.19995621073720052
2024-04-26 09:45:00-04:00,63.400001525878906,63.59000015258789,63.400001525878906,63.59000015258789,63.59000015258789,2610,63.584999084472656,55.95079637865727,57.30922309709944,34.70515899855524,63.900001525878906,0.19600156332301605,61.90409561658831,-9.997365308600159,62.560001373291016,-0.4772498156978129,25.09591654243255,-11.551606242756884,0.19896045233437892
2024-04-26 09:50:00-04:00,63.584999084472656,63.70500183105469,63.510101318359375,63.685001373291016,63.685001373291016,2521,63.685001373291016,58.3605005570793,69.74145898841537,53.63555558088306,63.900001525878906,0.19600156332301605,61.90409561658831,-9.997365308600159,62.560001373291016,-0.4772498156978129,25.09591654243255,-11.551606242756884,0.19855445837047228
2024-04-26 09:55:00-04:00,63.685001373291016,63.900001525878906,63.685001373291016,63.834999084472656,63.834999084472656,48249,63.790000915527344,61.90409561658831,76.92218511262467,67.99095573271315,63.900001525878906,0.19600156332301605,61.90409561658831,-9.997365308600159,62.560001373291016,-0.4772498156978129,25.09591654243255,-11.551606242756884,0.20019902779221416
2024-04-26 10:00:00-04:00,63.790000915527344,63.86000061035156,63.63999938964844,63.63999938964844,63.63999938964844,8238,63.70500183105469,55.31378414341875,76.52665811570691,74.39676740558231,63.900001525878906,0.19600156332301605,61.90409561658831,-9.997365308600159,62.86000061035156,0.47953841188473295,42.133179959762764,67.88858812358318,0.2021792470833052
2024-04-26 10:05:00-04:00,63.70500183105469,63.779998779296875,63.69499969482422,63.7400016784668,63.7400016784668,3725,63.7400016784668,57.79525149772681,76.09534542759457,76.51472955197538,63.900001525878906,0.19600156332301605,61.90409561658831,-9.997365308600159,63.189998626708984,0.5249729766993972,52.599296883402346,24.84055780654281,0.19596126133981845
2024-04-26 10:10:00-04:00,63.7400016784668,63.810001373291016,63.720001220703125,63.7599983215332,63.7599983215332,3197,63.720001220703125,58.293981569784826,78.07293300873731,76.89831218401291,63.900001525878906,0.19600156332301605,61.90409561658831,-9.997365308600159,63.400001525878906,0.3323356602846299,50.67550836654113,-3.657441507489551,0.18536515046462568
2024-04-26 10:15:00-04:00,63.720001220703125,63.720001220703125,63.54499816894531,63.61000061035156,63.61000061035156,4346,63.540000915527344,53.21421110971279,80.47903176091106,78.21577006574763,63.900001525878906,0.19600156332301605,61.90409561658831,-9.997365308600159,63.42499923706055,0.039428565583609555,47.78260824010071,-5.7086750970819695,0.18832865067695218
2024-04-26 10:20:00-04:00,63.540000915527344,63.630001068115234,63.5,63.5984992980957,63.5984992980957,3673,63.58000183105469,52.834037805669546,80.64736615418681,79.73311030794505,63.900001525878906,0.19600156332301605,61.90409561658831,-9.997365308600159,63.41999816894531,-0.00788501091902599,46.185344487459204,-3.342772216651471,0.1824958924207804
2024-04-26 10:25:00-04:00,63.58000183105469,63.650001525878906,63.56999969482422,63.64500045776367,63.64500045776367,3784,63.59000015258789,54.25695660564725,76.99145319708349,79.37261703739377,63.86000061035156,-0.06259924033201118,58.293981569784826,-5.831785459177417,63.34000015258789,-0.12614004835558995,43.244925547547716,-6.366562753927074,0.1722464862841711
2024-04-26 10:30:00-04:00,63.59000015258789,63.66999816894531,63.59000015258789,63.630001068115234,63.630001068115234,1545,63.64500045776367,53.69426067721843,77.42618408170426,78.35500114432485,63.810001373291016,-0.078295077642768,58.293981569784826,-5.831785459177417,63.33000183105469,-0.015785161839464604,43.244925547547716,-6.366562753927074,0.16302163929149618
2024-04-26 10:35:00-04:00,63.64500045776367,63.64500045776367,63.42499923706055,63.54999923706055,63.54999923706055,6929,63.529998779296875,50.67550836654113,75.47142883126592,76.62968870335122,64.1500015258789,0.5328320721995857,60.07715032123282,3.0589242721623506,63.33000183105469,-0.015785161839464604,43.244925547547716,-6.366562753927074,0.16871959743265907
2024-04-26 10:40:00-04:00,63.529998779296875,63.529998779296875,63.470001220703125,63.470001220703125,63.470001220703125,1288,63.42499923706055,47.78260824010071,58.588125745269096,70.49524621941309,64.1500015258789,0.5328320721995857,60.07715032123282,3.0589242721623506,63.33000183105469,-0.015785161839464604,43.244925547547716,-6.366562753927074,0.15984743932513537
2024-04-26 10:45:00-04:00,63.42499923706055,63.42499923706055,63.41999816894531,63.42499923706055,63.42499923706055,1260,63.39500045776367,46.185344487459204,32.68958466542729,55.583046413987425,64.1500015258789,0.5328320721995857,60.07715032123282,3.0589242721623506,63.220001220703125,-0.17369431102340863,42.48538085140939,-1.7563787809120157,0.1488630005684031
2024-04-26 10:50:00-04:00,63.39500045776367,63.39500045776367,63.34000015258789,63.34000015258789,63.34000015258789,976,63.334999084472656,43.244925547547716,9.524813077954352,33.60084116288357,64.1500015258789,0.5328320721995857,60.07715032123282,3.0589242721623506,63.220001220703125,-0.17369431102340863,42.48538085140939,-1.7563787809120157,0.1424766089588284
2024-04-26 10:55:00-04:00,63.334999084472656,63.720001220703125,63.33000183105469,63.685001373291016,63.685001373291016,19245,63.689998626708984,55.60074991048371,22.072836603875967,21.429078115752528,64.1500015258789,0.5328320721995857,60.07715032123282,3.0589242721623506,63.220001220703125,-0.17369431102340863,42.48538085140939,-1.7563787809120157,0.16722888702778932
2024-04-26 11:00:00-04:00,63.689998626708984,64.1500015258789,63.689998626708984,63.849998474121094,63.849998474121094,28732,63.72999954223633,60.07715032123282,52.14245690567999,27.91336886250343,64.1500015258789,0.5328320721995857,60.07715032123282,3.0589242721623506,63.220001220703125,-0.17369431102340863,42.48538085140939,-1.7563787809120157,0.19700601358379946
2024-04-26 11:05:00-04:00,63.72999954223633,63.75,63.41999816894531,63.41999816894531,63.41999816894531,3444,63.220001220703125,46.826858362859014,59.23586030990726,44.48371793982107,64.1500015258789,0.5328320721995857,60.07715032123282,3.0589242721623506,63.220001220703125,-0.17369431102340863,42.48538085140939,-1.7563787809120157,0.22030544274299765
2024-04-26 11:15:00-04:00,63.220001220703125,63.290000915527344,63.220001220703125,63.23500061035156,63.23500061035156,2152,63.279998779296875,42.48538085140939,37.163023706031275,49.51378030720616,64.1500015258789,0.5328320721995857,60.07715032123282,3.0589242721623506,63.220001220703125,-0.17369431102340863,42.48538085140939,-1.7563787809120157,0.21827459329291665
2024-04-26 11:20:00-04:00,63.279998779296875,63.45000076293945,63.2599983215332,63.29499816894531,63.29499816894531,8907,63.34000015258789,44.289365766035644,10.511640017132654,35.63684134435705,64.1500015258789,0.5328320721995857,60.07715032123282,3.0589242721623506,63.220001220703125,-0.17369431102340863,42.48538085140939,-1.7563787809120157,0.21794714922241404
2024-04-26 11:25:00-04:00,63.34000015258789,63.40999984741211,63.31999969482422,63.40999984741211,63.40999984741211,3696,63.369998931884766,47.67704440206187,13.25553308187468,20.310065601679526,64.1500015258789,0.5328320721995857,60.07715032123282,3.0589242721623506,63.220001220703125,-0.17369431102340863,42.48538085140939,-1.7563787809120157,0.20765260214685233
2024-04-26 11:30:00-04:00,63.369998931884766,63.369998931884766,63.369998931884766,63.369998931884766,63.369998931884766,2295,63.40999984741211,46.61524492083103,21.08090482083084,14.949359306612715,64.1500015258789,0.5328320721995857,60.07715032123282,3.0589242721623506,63.220001220703125,-0.17369431102340863,42.48538085140939,-1.7563787809120157,0.19088743348490148
2024-04-26 11:35:00-04:00,63.40999984741211,63.540000915527344,63.38999938964844,63.540000915527344,63.540000915527344,5229,63.51499938964844,51.55340519974069,34.84499195291389,23.06047661853979,63.7599983215332,-0.6079550975355332,57.93404389156734,-3.5672571322146256,63.220001220703125,-0.17369431102340863,42.48538085140939,-1.7563787809120157,0.18879888850066914
2024-04-26 11:40:00-04:00,63.51499938964844,63.51499938964844,63.38999938964844,63.42499923706055,63.42499923706055,3503,63.42499923706055,48.298653769671,36.022833231995044,30.649576668579915,63.7599983215332,-0.6079550975355332,57.93404389156734,-3.5672571322146256,63.220001220703125,-0.17369431102340863,42.48538085140939,-1.7563787809120157,0.18491915223849284
2024-04-26 11:45:00-04:00,63.42499923706055,63.529998779296875,63.42499923706055,63.5,63.5,2538,63.540000915527344,50.4938135100653,43.37204388774609,38.079956357551666,63.7599983215332,-0.6079550975355332,57.93404389156734,-3.5672571322146256,63.2599983215332,0.06326652967064476,44.289365766035644,4.246130971346608,0.17692719123827635
2024-04-26 11:50:00-04:00,63.540000915527344,63.584999084472656,63.48500061035156,63.529998779296875,63.529998779296875,6388,63.56999969482422,51.38296413727592,43.04908781680785,40.81465497884965,63.77000045776367,0.015687165140797692,58.096736706545826,0.2808241994689507,63.31999969482422,0.09484883794344275,46.61524492083103,5.251552183163218,0.1692343195265581
2024-04-26 11:55:00-04:00,63.56999969482422,63.654998779296875,63.56999969482422,63.61000061035156,63.61000061035156,2667,63.630001068115234,53.767711017833484,53.41199693659821,46.61104288038405,63.77000045776367,0.015687165140797692,58.096736706545826,0.2808241994689507,63.369998931884766,0.0789627879051203,46.61524492083103,5.251552183163218,0.16481088757390228
2024-04-26 12:00:00-04:00,63.630001068115234,63.7599983215332,63.59000015258789,63.7599983215332,63.7599983215332,3500,63.7400016784668,57.93404389156734,67.50993516895333,54.657006640786456,63.779998779296875,0.015678722693165482,58.096736706545826,0.2808241994689507,63.38999938964844,0.031561398296960676,48.298653769671,3.6112839301798876,0.1653296157110433
2024-04-26 12:05:00-04:00,63.7400016784668,63.7599983215332,63.73500061035156,63.75,63.75,2246,63.7599983215332,57.56167862006143,79.21752091122208,66.7131510055912,63.779998779296875,0.015678722693165482,58.096736706545826,0.2808241994689507,63.38999938964844,0.031561398296960676,48.298653769671,3.6112839301798876,0.15129642525810302
2024-04-26 12:10:00-04:00,63.7599983215332,63.7599983215332,63.7400016784668,63.7400016784668,63.7400016784668,1165,63.709999084472656,57.16598621951125,85.6566594100659,77.46137183008044,63.779998779296875,0.015678722693165482,58.096736706545826,0.2808241994689507,63.42499923706055,0.055213515931702054,50.4938135100653,4.544970861636617,0.13816644703893335
2024-04-26 12:15:00-04:00,63.709999084472656,63.77000045776367,63.709999084472656,63.77000045776367,63.77000045776367,3049,63.75,58.096736706545826,89.71747211633691,84.86388414587496,63.779998779296875,0.015678722693165482,58.096736706545826,0.2808241994689507,63.48500061035156,0.09460208752506469,48.81525398881376,-3.324287481112797,0.1303499396641416
2024-04-26 12:20:00-04:00,63.75,63.75,63.63999938964844,63.69499969482422,63.69499969482422,3138,63.720001220703125,54.88566354409071,87.62757554621832,87.66723569087371,63.779998779296875,0.015678722693165482,58.096736706545826,0.2808241994689507,63.56999969482422,0.133888451847627,48.81525398881376,-3.324287481112797,0.13031505250925088
2024-04-26 12:25:00-04:00,63.720001220703125,63.779998779296875,63.720001220703125,63.7400016784668,63.7400016784668,2797,63.744998931884766,56.44135505756647,89.14735168096252,88.83079978117257,63.779998779296875,0.015678722693165482,58.096736706545826,0.2808241994689507,63.38999938964844,-0.28315291181358404,42.15581608485118,-13.64212486836311,0.1257834557055914
2024-04-26 12:30:00-04:00,63.744998931884766,63.77000045776367,63.744998931884766,63.77000045776367,63.77000045776367,1430,63.77000045776367,57.49360708124037,87.39633175962015,88.05708632893364,63.779998779296875,0.015678722693165482,58.096736706545826,0.2808241994689507,63.38999938964844,-0.28315291181358404,42.15581608485118,-13.64212486836311,0.11620498806471977
2024-04-26 12:35:00-04:00,63.77000045776367,63.77000045776367,63.6349983215332,63.6349983215332,63.6349983215332,4602,63.68000030517578,51.467954870532886,75.00777502667614,83.85048615575293,63.779998779296875,0.015678722693165482,58.096736706545826,0.2808241994689507,63.375,-0.023662075710458037,42.15581608485118,-13.64212486836311,0.11808470288129466
2024-04-26 12:40:00-04:00,63.68000030517578,63.68000030517578,63.56999969482422,63.56999969482422,63.56999969482422,2517,63.56999969482422,48.81525398881376,47.42830092514998,69.94413590381542,63.779998779296875,0.015678722693165482,58.096736706545826,0.2808241994689507,63.34000015258789,-0.05522658368774655,40.635085706947,-3.607403483408446,0.11727629362832144
2024-04-26 12:45:00-04:00,63.56999969482422,63.599998474121094,63.56999969482422,63.599998474121094,63.599998474121094,3239,63.59000015258789,50.093724213244265,21.952863913158872,48.12964662166166,63.779998779296875,0.015678722693165482,57.49360708124037,-1.0381471653940608,63.27000045776367,-0.11051420059297042,40.26277662206944,-0.9162256665645814,0.1085485421951768
2024-04-26 12:50:00-04:00,63.59000015258789,63.61000061035156,63.38999938964844,63.38999938964844,63.38999938964844,5731,63.400001525878906,42.15581608485118,7.8643637999024865,25.748509546070437,63.779998779296875,0.015678722693165482,57.49360708124037,-1.0381471653940608,63.2400016784668,-0.047413907191135383,38.80006031268571,-3.6329245822106655,0.11969381004597164
2024-04-26 12:55:00-04:00,63.400001525878906,63.41999816894531,63.39500045776367,63.41999816894531,63.41999816894531,1964,63.380001068115234,43.53236983596627,8.985325275450778,12.934184329504035,63.77000045776367,-0.01567626485507021,57.49360708124037,-1.0381471653940608,63.130001068115234,-0.1739415044781975,33.728928044996486,-13.069908208444748,0.11072430697106198
2024-04-26 13:00:00-04:00,63.380001068115234,63.40999984741211,63.375,63.3849983215332,63.3849983215332,1946,63.40999984741211,42.26851352193754,3.114105355108657,6.654598143487298,63.77000045776367,-0.01567626485507021,51.467954870532886,-10.480560390293547,63.09000015258789,-0.06336276706883634,32.03935458056287,-5.009271157920045,0.10415169316848702
2024-04-26 13:05:00-04:00,63.40999984741211,63.40999984741211,63.34000015258789,63.34000015258789,63.34000015258789,1772,63.349998474121094,40.635085706947,3.114105355108657,5.071178661889355,63.68000030517578,-0.1411324320869337,50.093724213244265,-2.6700704559671817,63.09000015258789,-0.06336276706883634,32.03935458056287,-5.009271157920045,0.1007364933340602
2024-04-26 13:10:00-04:00,63.349998474121094,63.349998474121094,63.27000045776367,63.33000183105469,63.33000183105469,5184,63.310001373291016,40.26277662206944,0.2356564796577173,2.154622396625001,63.61000061035156,-0.10992414335545994,50.093724213244265,-2.6700704559671817,63.09000015258789,-0.06336276706883634,32.03935458056287,-5.009271157920045,0.09866264563639637
2024-04-26 13:15:00-04:00,63.310001373291016,63.400001525878906,63.2400016784668,63.29180145263672,63.29180145263672,12716,63.209999084472656,38.80006031268571,0.0,1.1165872782554487,63.61000061035156,-0.10992414335545994,43.53236983596627,-13.09815646636079,63.09000015258789,-0.06336276706883634,32.03935458056287,-5.009271157920045,0.10479636581396767
2024-04-26 13:20:00-04:00,63.209999084472656,63.2599983215332,63.130001068115234,63.14500045776367,63.14500045776367,3078,63.154998779296875,33.728928044996486,0.0,0.0785521598858963,63.41999816894531,-0.29869900893434354,43.53236983596627,-13.09815646636079,63.09000015258789,-0.06336276706883634,32.03935458056287,-5.009271157920045,0.11049676768471935
2024-04-26 13:25:00-04:00,63.154998779296875,63.20000076293945,63.09000015258789,63.09000015258789,63.09000015258789,4117,63.150001525878906,32.03935458056287,0.0,0.0,63.40999984741211,-0.015765250428687295,45.96198632824606,5.581172128774051,63.09000015258789,-0.06336276706883634,32.03935458056287,-5.009271157920045,0.11044715195140367
2024-04-26 13:30:00-04:00,63.150001525878906,63.209999084472656,63.150001525878906,63.209999084472656,63.209999084472656,2402,63.209999084472656,39.1959138355979,9.371792597778478,3.12393086592615,63.40999984741211,-0.015765250428687295,48.16694330316072,4.7973491814900004,63.09000015258789,-0.06336276706883634,32.03935458056287,-5.009271157920045,0.11140232994473986
2024-04-26 13:35:00-04:00,63.209999084472656,63.27000045776367,63.16999816894531,63.16999816894531,63.16999816894531,4111,63.16999816894531,37.76817107787954,16.873900542432242,8.74856438007023,63.400001525878906,-0.015767736251794326,48.16694330316072,4.7973491814900004,63.09000015258789,-0.06336276706883634,32.03935458056287,-5.009271157920045,0.11026232583210183
2024-04-26 13:40:00-04:00,63.16999816894531,63.19499969482422,63.09000015258789,63.189998626708984,63.189998626708984,7546,63.220001220703125,38.965299324791836,28.756631226166355,18.334108122125684,63.400001525878906,-0.015767736251794326,48.16694330316072,4.7973491814900004,63.09000015258789,-0.06336276706883634,32.03935458056287,-5.009271157920045,0.10973604747252445
2024-04-26 13:45:00-04:00,63.220001220703125,63.25,63.17060089111328,63.244998931884766,63.244998931884766,3336,63.22999954223633,42.254971063928885,38.245677105358844,27.958736291319138,63.349998474121094,-0.07886916491224692,48.16694330316072,4.7973491814900004,63.09000015258789,-0.06336276706883634,32.03935458056287,-5.009271157920045,0.1067023536139439
2024-04-26 13:50:00-04:00,63.22999954223633,63.310001373291016,63.220001220703125,63.310001373291016,63.310001373291016,2636,63.29999923706055,45.96198632824606,56.448577663616064,41.15029533171374,63.349998474121094,-0.07886916491224692,48.16694330316072,4.7973491814900004,63.09000015258789,-0.06336276706883634,32.03935458056287,-5.009271157920045,0.10503213351133858
2024-04-26 13:55:00-04:00,63.29999923706055,63.349998474121094,63.29999923706055,63.349998474121094,63.349998474121094,1753,63.33000183105469,48.16694330316072,77.89918031321528,57.53114502739672,63.349998474121094,-0.07886916491224692,48.16694330316072,4.7973491814900004,63.09000015258789,-0.06336276706883634,37.39339237510422,16.710816633583033,0.0995288438662594
2024-04-26 14:00:00-04:00,63.33000183105469,63.33000183105469,63.26499938964844,63.27000045776367,63.27000045776367,4771,63.25,44.27559143589987,84.32882814887304,72.89219537523478,63.349998474121094,-0.07886916491224692,48.16694330316072,4.7973491814900004,63.09000015258789,-0.06336276706883634,37.39339237510422,16.710816633583033,0.09807586792689908
2024-04-26 14:05:00-04:00,63.25,63.2599983215332,63.20000076293945,63.22999954223633,63.22999954223633,4726,63.2400016784668,42.42973821043094,80.09920117713322,80.77573654640717,63.349998474121094,-0.07886916491224692,48.16694330316072,4.7973491814900004,63.09000015258789,-0.06336276706883634,37.39339237510422,16.710816633583033,0.09526825061663105
2024-04-26 14:10:00-04:00,63.2400016784668,63.27000045776367,63.18000030517578,63.18000030517578,63.18000030517578,4026,63.189998626708984,40.17514411004729,63.5813378424956,76.00312238950062,63.349998474121094,-0.07886916491224692,48.16694330316072,4.7973491814900004,63.08000183105469,-0.01584771201303128,37.39339237510422,16.710816633583033,0.094741440813757
2024-04-26 14:15:00-04:00,63.189998626708984,63.189998626708984,63.1150016784668,63.1150016784668,63.1150016784668,3192,63.17499923706055,37.39339237510422,49.356853370219085,64.34579746328262,63.349998474121094,-0.07886916491224692,48.16694330316072,4.7973491814900004,63.06999969482422,-0.015856271306486605,37.39339237510422,16.710816633583033,0.09276699155660005
2024-04-26 14:20:00-04:00,63.17499923706055,63.209999084472656,63.15999984741211,63.20000076293945,63.20000076293945,6492,63.18000030517578,42.955850844263445,50.444250134612254,54.4608137824423,63.349998474121094,-0.07886916491224692,48.16694330316072,4.7973491814900004,63.029998779296875,-0.06342304696511103,37.31243731936743,-0.2164956175270296,0.09299003300152599
2024-04-26 14:25:00-04:00,63.18000030517578,63.209999084472656,63.1349983215332,63.150001525878906,63.150001525878906,4887,63.14500045776367,40.666974723892594,51.460791049490105,50.42063151810714,63.33000183105469,-0.03156534103876106,44.7689280285061,-7.054662475191031,63.029998779296875,-0.06342304696511103,37.31243731936743,-0.2164956175270296,0.0911911059953187
2024-04-26 14:30:00-04:00,63.14500045776367,63.18000030517578,63.11000061035156,63.13999938964844,63.13999938964844,3358,63.13999938964844,40.20544580794762,57.27288832208316,53.05930983539516,63.27000045776367,-0.09474399424633077,46.482899150474196,3.828483721738304,63.029998779296875,-0.06342304696511103,37.31243731936743,-0.2164956175270296,0.0890719648782087
2024-04-26 14:35:00-04:00,63.13999938964844,63.16999816894531,63.08000183105469,63.09000015258789,63.09000015258789,3808,63.06999969482422,37.89049069186837,36.24813068496178,48.32727001884501,63.27000045776367,-0.09474399424633077,46.482899150474196,3.828483721738304,63.029998779296875,-0.06342304696511103,37.31243731936743,-0.2164956175270296,0.08916440217945033
2024-04-26 14:40:00-04:00,63.06999969482422,63.11000061035156,63.06999969482422,63.10499954223633,63.10499954223633,3191,63.10499954223633,39.024734164077216,23.46348623352855,38.99483508019116,63.27000045776367,-0.09474399424633077,47.719681098476954,2.660724633373348,63.02000045776367,-0.015862798233921623,37.31243731936743,-0.2164956175270296,0.08424805351423967
2024-04-26 14:45:00-04:00,63.10499954223633,63.130001068115234,63.029998779296875,63.06999969482422,63.06999969482422,6396,63.06999969482422,37.31243731936743,6.58538712058328,22.099001346357863,63.27000045776367,-0.09474399424633077,47.719681098476954,2.660724633373348,63.02000045776367,-0.015862798233921623,37.31243731936743,-0.2164956175270296,0.08582347704465164
2024-04-26 14:50:00-04:00,63.06999969482422,63.16999816894531,63.064998626708984,63.16999816894531,63.16999816894531,3252,63.20000076293945,44.7689280285061,27.945662402621462,19.331511918911087,63.27000045776367,-0.09474399424633077,47.719681098476954,2.660724633373348,63.02000045776367,-0.015862798233921623,37.31243731936743,-0.2164956175270296,0.0877410835638193
2024-04-26 14:55:00-04:00,63.20000076293945,63.27000045776367,63.19499969482422,63.19499969482422,63.19499969482422,5653,63.19499969482422,46.482899150474196,51.06006226068969,28.530370594631467,63.27000045776367,-0.09474399424633077,47.719681098476954,2.660724633373348,63.02000045776367,-0.015862798233921623,37.31243731936743,-0.2164956175270296,0.0889672040892733
2024-04-26 15:00:00-04:00,63.19499969482422,63.19499969482422,63.09000015258789,63.119998931884766,63.119998931884766,3744,63.1150016784668,42.247406513874466,66.2149641416086,48.40689626830658,63.27000045776367,-0.09474399424633077,47.719681098476954,2.660724633373348,63.02000045776367,-0.015862798233921623,37.31243731936743,-0.2164956175270296,0.09057043790397878
2024-04-26 15:05:00-04:00,63.1150016784668,63.20000076293945,63.02000045776367,63.20000076293945,63.20000076293945,8912,63.1349983215332,47.719681098476954,76.65000153446077,64.64167597891968,63.27000045776367,-0.09474399424633077,47.719681098476954,2.660724633373348,63.02000045776367,-0.015862798233921623,37.31243731936743,-0.2164956175270296,0.09951342463115903
2024-04-26 15:10:00-04:00,63.1349983215332,63.15999984741211,63.1150016784668,63.125,63.125,5446,63.150001525878906,43.55322206169787,68.47682801489867,70.447264563656,63.27000045776367,-0.09474399424633077,47.719681098476954,2.660724633373348,63.02000045776367,-0.015862798233921623,37.31243731936743,-0.2164956175270296,0.09806199061530876
2024-04-26 15:15:00-04:00,63.150001525878906,63.16999816894531,63.150001525878906,63.16999816894531,63.16999816894531,3823,63.20000076293945,46.56753697094765,82.96506011519772,76.03062988818571,63.27000045776367,-0.09474399424633077,47.719681098476954,2.660724633373348,62.94499969482422,-0.11901104791282732,35.78639345396193,-4.089906677346417,0.09275560844830913
2024-04-26 15:20:00-04:00,63.20000076293945,63.21500015258789,63.1349983215332,63.17499923706055,63.17499923706055,5798,63.17499923706055,46.90688108007571,80.36174510483038,77.26787774497558,63.27000045776367,-0.09474399424633077,47.719681098476954,2.660724633373348,62.904998779296875,-0.06354899630038906,35.048622281905665,-2.061596883199148,0.09148023070894697
2024-04-26 15:25:00-04:00,63.17499923706055,63.17499923706055,63.07500076293945,63.07500076293945,63.07500076293945,4845,63.040000915527344,41.26376185846302,73.02883912822432,78.7852147827508,63.21500015258789,-0.08692951600734868,47.79774784764134,0.16359444859508293,62.904998779296875,-0.06354899630038906,35.048622281905665,-2.061596883199148,0.09233205505016165
2024-04-26 15:30:00-04:00,63.040000915527344,63.060001373291016,63.029998779296875,63.060001373291016,63.060001373291016,5346,63.04999923706055,40.477155324599586,53.52197200242072,68.9708520784918,63.21500015258789,-0.08692951600734868,47.79774784764134,0.16359444859508293,62.904998779296875,-0.06354899630038906,35.048622281905665,-2.061596883199148,0.08759904790940329
2024-04-26 15:35:00-04:00,63.04999923706055,63.06999969482422,63.02000045776367,63.04499816894531,63.04499816894531,9178,63.029998779296875,39.6627020950924,30.31961045906132,52.29014052990211,64.04000091552734,1.3050712029551095,74.69962835732686,56.282736574612564,62.904998779296875,-0.06354899630038906,35.048622281905665,-2.061596883199148,0.08383906682451765
2024-04-26 15:40:00-04:00,63.029998779296875,63.040000915527344,62.94499969482422,62.970001220703125,62.970001220703125,13697,62.974998474121094,35.78639345396193,17.663923635020907,33.8351686988343,64.04000091552734,1.3050712029551095,74.69962835732686,56.282736574612564,62.904998779296875,-0.06354899630038906,35.048622281905665,-2.061596883199148,0.08545500755417526
2024-04-26 15:45:00-04:00,62.974998474121094,62.9900016784668,62.904998779296875,62.95500183105469,62.95500183105469,10395,62.970001220703125,35.048622281905665,7.527656779606552,18.503730291229584,64.04000091552734,1.3050712029551095,74.69962835732686,56.282736574612564,62.904998779296875,-0.06354899630038906,35.048622281905665,-2.061596883199148,0.08540979671574991
2024-04-26 15:50:00-04:00,62.970001220703125,63.130001068115234,62.91999816894531,63.119998931884766,63.119998931884766,23649,63.119998931884766,47.79774784764134,33.3333333333333,19.508304582653576,64.04000091552734,1.3050712029551095,74.69962835732686,56.282736574612564,62.904998779296875,-0.06354899630038906,35.048622281905665,-2.061596883199148,0.0978691069611671
2024-04-26 15:55:00-04:00,63.119998931884766,63.119998931884766,63.040000915527344,63.040000915527344,63.040000915527344,36981,63.849998474121094,43.35437692769324,55.049213906115426,31.97006800635175,64.04000091552734,1.3050712029551095,74.69962835732686,56.282736574612564,62.904998779296875,-0.06354899630038906,35.048622281905665,-2.061596883199148,0.09608199790079258
2024-04-29 09:30:00-04:00,63.849998474121094,64.04000091552734,63.849998474121094,64.02999877929688,64.02999877929688,17440,63.7599983215332,74.69962835732686,88.38254723944875,58.92169815963248,64.04000091552734,1.3050712029551095,74.69962835732686,56.282736574612564,62.904998779296875,-0.06354899630038906,35.048622281905665,-2.061596883199148,0.18647379811071332
2024-04-29 09:35:00-04:00,63.7599983215332,63.7599983215332,63.7599983215332,63.7599983215332,63.7599983215332,345,63.86069869995117,64.25635983702487,79.60322522137471,74.3449954556463,64.04000091552734,1.3050712029551095,74.69962835732686,56.282736574612564,62.904998779296875,-0.06354899630038906,35.048622281905665,-2.061596883199148,0.19482646407600918
2024-04-29 09:40:00-04:00,63.86069869995117,63.86069869995117,63.45750045776367,63.540000915527344,63.540000915527344,2801,63.59000015258789,57.235054677323006,76.5387691573982,81.5081805394072,64.04000091552734,1.3050712029551095,74.69962835732686,56.282736574612564,62.904998779296875,-0.06354899630038906,35.048622281905665,-2.061596883199148,0.21566364188715825
2024-04-29 09:45:00-04:00,63.59000015258789,63.61000061035156,63.41999816894531,63.47999954223633,63.47999954223633,7258,63.51499938964844,55.45524854121611,60.36063420708907,72.16754286195398,64.04000091552734,1.3050712029551095,74.69962835732686,56.282736574612564,62.91999816894531,0.02384451146889468,43.35437692769324,23.69780637590292,0.21309752183906744
2024-04-29 09:50:00-04:00,63.51499938964844,63.540000915527344,63.439998626708984,63.540000915527344,63.540000915527344,4476,63.439998626708984,56.89864683014898,54.1752400770464,63.691547813844544,64.04000091552734,1.3050712029551095,74.69962835732686,56.282736574612564,63.0099983215332,0.1430390260759908,42.02901799386335,-3.057036054376547,0.20178799853699664
2024-04-29 09:55:00-04:00,63.439998626708984,63.439998626708984,63.31999969482422,63.31999969482422,63.31999969482422,2764,63.279998779296875,50.44432595068906,48.46649150732358,54.33412193048633,64.04000091552734,1.3050712029551095,74.69962835732686,56.282736574612564,63.0099983215332,0.1430390260759908,42.02901799386335,-3.057036054376547,0.20360932075360946
2024-04-29 10:00:00-04:00,63.279998779296875,63.349998474121094,63.24250030517578,63.349998474121094,63.349998474121094,3042,63.30500030517578,51.25627817706523,44.93655134543218,49.19276097660071,63.86069869995117,-0.27998471738418995,64.25635983702487,-13.980348697782597,62.900001525878906,-0.17457038340644787,39.22968867054048,-6.660468069302964,0.19399820557277975
2024-04-29 10:05:00-04:00,63.30500030517578,63.30500030517578,63.22999954223633,63.27000045776367,63.27000045776367,3105,63.244998931884766,48.952846382571366,38.256770902649556,43.886604585135096,63.86069869995117,-0.27998471738418995,57.235054677323006,-10.927019796188565,62.900001525878906,-0.17457038340644787,39.22968867054048,-6.660468069302964,0.18659827820397834
2024-04-29 10:10:00-04:00,63.244998931884766,63.244998931884766,63.16999816894531,63.16999816894531,63.16999816894531,1450,63.125,46.160227714110164,34.655266459584475,39.28286290255539,63.61000061035156,-0.39257022660762253,56.89864683014898,-0.5877653984443864,62.900001525878906,-0.17457038340644787,39.22968867054048,-6.660468069302964,0.17793867926541646
2024-04-29 10:15:00-04:00,63.125,63.2400016784668,63.0099983215332,63.0099983215332,63.0099983215332,7099,63.01499938964844,42.02901799386335,26.898203779888135,33.27008038070738,63.540000915527344,-0.1100451094993817,56.89864683014898,-0.5877653984443864,62.900001525878906,-0.17457038340644787,39.22968867054048,-6.660468069302964,0.1831451470322342
2024-04-29 10:20:00-04:00,63.01499938964844,63.11000061035156,63.0099983215332,63.0099983215332,63.0099983215332,3744,63.01499938964844,42.02901799386335,21.077562578890586,27.54367760612105,63.439998626708984,-0.15738477711277732,51.25627817706523,-9.91652520301066,62.900001525878906,-0.17457038340644787,39.22968867054048,-6.660468069302964,0.17483086121084673
2024-04-29 10:25:00-04:00,63.01499938964844,63.01499938964844,62.900001525878906,62.900001525878906,62.900001525878906,6202,62.939998626708984,39.22968867054048,11.736391082872863,19.904052480550515,63.349998474121094,-0.14186657398507493,51.25627817706523,-9.91652520301066,62.810001373291016,-0.1430844998483218,39.22968867054048,-6.660468069302964,0.16884756146671517
2024-04-29 10:30:00-04:00,62.939998626708984,63.099998474121094,62.939998626708984,63.099998474121094,63.099998474121094,5169,63.08000183105469,46.24078147650172,12.456960439142257,15.090304700301887,63.30500030517578,-0.07103104976978739,48.952846382571366,-4.493950548919368,62.810001373291016,-0.1430844998483218,39.22968867054048,-6.660468069302964,0.1719625001442624
2024-04-29 10:35:00-04:00,63.08000183105469,63.125,62.974998474121094,63.125,63.125,8169,63.09000015258789,47.06298910036602,13.950210015267968,12.714520512427683,63.244998931884766,-0.09478141221351506,47.06298910036602,-3.8605666919466244,62.810001373291016,-0.1430844998483218,39.22968867054048,-6.660468069302964,0.16976640271772678
2024-04-29 10:40:00-04:00,63.09000015258789,63.09000015258789,63.029998779296875,63.060001373291016,63.060001373291016,4414,63.0,45.13048295858036,21.809551020957656,16.07224049178928,63.2400016784668,-0.007901420669404741,47.06298910036602,-3.8605666919466244,62.810001373291016,-0.1430844998483218,39.22968867054048,-6.660468069302964,0.1622898845162666
2024-04-29 10:45:00-04:00,63.0,63.0,62.900001525878906,62.900001525878906,62.900001525878906,3766,62.849998474121094,40.70013997184723,17.94303255570022,17.9009311973086,63.125,-0.18184958161687545,47.06298910036602,-3.8605666919466244,62.70500183105469,-0.16717010020792256,36.08790016713181,-8.008701088081796,0.16206088080585088
2024-04-29 10:50:00-04:00,62.849998474121094,63.02000045776367,62.810001373291016,62.904998779296875,62.904998779296875,7109,62.869998931884766,40.89529776157498,13.72383852804123,17.82547403489969,63.125,-0.18184958161687545,47.06298910036602,-3.8605666919466244,62.59659957885742,-0.1728765633231819,33.73652984132742,-6.515675101390282,0.1668547011725314
2024-04-29 10:55:00-04:00,62.869998931884766,63.0,62.869998931884766,62.9900016784668,62.9900016784668,3963,62.9900016784668,44.2559077821852,15.346699899049918,15.671190327597108,63.125,-0.18184958161687545,47.06298910036602,-3.8605666919466244,62.58000183105469,-0.026515414438487196,33.73652984132742,-6.515675101390282,0.1631693378668017
2024-04-29 11:00:00-04:00,62.9900016784668,63.04499816894531,62.94499969482422,62.95000076293945,62.95000076293945,2755,62.939998626708984,43.016395104115546,23.11982688209522,17.396788436395443,63.125,-0.18184958161687545,47.06298910036602,-3.8605666919466244,62.58000183105469,-0.026515414438487196,33.73652984132742,-6.515675101390282,0.15685225149223092
2024-04-29 11:05:00-04:00,62.939998626708984,62.939998626708984,62.83000183105469,62.83000183105469,62.83000183105469,2722,62.814998626708984,39.44706625936469,20.580067431533568,19.68219807089289,63.09000015258789,-0.05544530283106436,45.13048295858036,-4.106212076042211,62.58000183105469,-0.026515414438487196,33.73652984132742,-6.515675101390282,0.15316691953148437
2024-04-29 11:10:00-04:00,62.814998626708984,62.849998474121094,62.70500183105469,62.70500183105469,62.70500183105469,2221,62.7400016784668,36.08790016713181,11.097865054835195,18.265919789487977,63.04499816894531,-0.07132982015174744,44.2559077821852,-1.9378812701779087,62.58000183105469,-0.026515414438487196,33.73652984132742,-6.515675101390282,0.15234989188497655
2024-04-29 11:15:00-04:00,62.7400016784668,62.75,62.59659957885742,62.61000061035156,62.61000061035156,4612,62.60499954223633,33.73652984132742,0.6024916393414842,10.760141375236735,63.04499816894531,-0.07132982015174744,44.2559077821852,-1.9378812701779087,62.58000183105469,-0.026515414438487196,33.73652984132742,-6.515675101390282,0.1524549448107367
2024-04-29 11:20:00-04:00,62.60499954223633,62.720001220703125,62.58000183105469,62.70000076293945,62.70000076293945,7925,62.71500015258789,37.86683054828088,10.33107801221868,7.343811568798439,63.04499816894531,-0.07132982015174744,44.2559077821852,-1.9378812701779087,62.58000183105469,-0.026515414438487196,33.73652984132742,-6.515675101390282,0.15120938929450678
2024-04-29 11:25:00-04:00,62.71500015258789,62.82870101928711,62.689998626708984,62.78499984741211,62.78499984741211,3270,62.7400016784668,41.571006329867984,29.927372212237525,13.620313954599213,63.04499816894531,-0.07132982015174744,43.016395104115546,-2.800784663982434,62.58000183105469,-0.026515414438487196,33.73652984132742,-6.515675101390282,0.1499586896228686
2024-04-29 11:30:00-04:00,62.7400016784668,62.7599983215332,62.685001373291016,62.7400016784668,62.7400016784668,2175,62.810001373291016,40.204511030627046,46.105665994993444,28.788038739816532,62.939998626708984,-0.16654698276769683,41.571006329867984,-3.3600881030341743,62.58000183105469,-0.026515414438487196,33.73652984132742,-6.515675101390282,0.14496266807269112
2024-04-29 11:35:00-04:00,62.810001373291016,62.810001373291016,62.75,62.7599983215332,62.7599983215332,2374,62.70000076293945,41.13060301987764,54.26930598407037,43.43411473043377,62.849998474121094,-0.1429935725319487,41.571006329867984,-3.3600881030341743,62.54999923706055,-0.047942782224803554,33.73652984132742,-6.515675101390282,0.1374663707478439
2024-04-29 11:40:00-04:00,62.70000076293945,62.77000045776367,62.70000076293945,62.720001220703125,62.720001220703125,2938,62.68000030517578,39.802735558983905,49.8463487766267,50.07377358523016,62.82870101928711,-0.033886166031895364,41.571006329867984,-3.3600881030341743,62.54999923706055,-0.047942782224803554,33.73652984132742,-6.515675101390282,0.13071970315548137
2024-04-29 11:45:00-04:00,62.68000030517578,62.689998626708984,62.68000030517578,62.689998626708984,62.689998626708984,2342,62.68000030517578,38.791071313330136,48.45525957507106,50.85697144525603,62.82870101928711,-0.033886166031895364,41.571006329867984,-3.3600881030341743,62.54999923706055,-0.047942782224803554,35.847644584593056,6.257652322852459,0.12164782439266761
2024-04-29 11:50:00-04:00,62.68000030517578,62.68000030517578,62.599998474121094,62.599998474121094,62.599998474121094,1137,62.63999938964844,35.847644584593056,36.65014735064037,44.98391856744603,62.82870101928711,-0.033886166031895364,41.571006329867984,-3.3600881030341743,62.54999923706055,-0.047942782224803554,35.847644584593056,6.257652322852459,0.11848305721218991
2024-04-29 11:55:00-04:00,62.63999938964844,62.65999984741211,62.6150016784668,62.6349983215332,62.6349983215332,4012,62.59000015258789,37.82350067796338,34.427420364391295,39.84427576336756,62.810001373291016,-0.02976290404341377,41.329912603633815,-0.5799564348312342,62.54999923706055,-0.047942782224803554,35.847644584593056,6.257652322852459,0.11263488882007248
2024-04-29 12:00:00-04:00,62.59000015258789,62.689998626708984,62.54999923706055,62.689998626708984,62.689998626708984,3816,62.65999984741211,40.903752617703034,42.35139007718221,37.80965259740461,62.810001373291016,-0.02976290404341377,42.38616848065779,2.555669273133434,62.54999923706055,-0.047942782224803554,35.847644584593056,6.257652322852459,0.11537133890290899
2024-04-29 12:05:00-04:00,62.65999984741211,62.65999984741211,62.650001525878906,62.650001525878906,62.650001525878906,3016,62.57500076293945,39.376045275676894,55.918958568294684,44.23258966995604,62.77000045776367,-0.06368558295296188,44.632059104192635,5.298640344337144,62.54999923706055,-0.047942782224803554,35.847644584593056,6.257652322852459,0.1078339150956259
2024-04-29 12:10:00-04:00,62.57500076293945,62.59000015258789,62.57500076293945,62.59000015258789,62.59000015258789,1145,62.59000015258789,37.135354395424585,57.429321413052314,51.89989001950972,62.814998626708984,0.07168738030453037,50.825192700087065,13.875975521175677,62.54999923706055,-0.047942782224803554,35.847644584593056,6.257652322852459,0.10455059988000862
2024-04-29 12:15:00-04:00,62.59000015258789,62.65999984741211,62.59000015258789,62.65999984741211,62.65999984741211,2572,62.68830108642578,41.329912603633815,67.02569939951954,60.124659793622165,62.814998626708984,0.07168738030453037,50.825192700087065,13.875975521175677,62.54999923706055,-0.047942782224803554,35.847644584593056,6.257652322852459,0.10109550937442964
2024-04-29 12:20:00-04:00,62.68830108642578,62.709999084472656,62.630001068115234,62.654998779296875,62.654998779296875,5555,62.68000030517578,41.118820634971556,78.17794478428753,67.54432186561978,62.814998626708984,0.07168738030453037,50.825192700087065,13.875975521175677,62.54999923706055,-0.047942782224803554,37.135354395424585,3.592174118421643,0.09898576007272887
2024-04-29 12:25:00-04:00,62.68000030517578,62.68000030517578,62.65999984741211,62.67499923706055,62.67499923706055,1257,62.66999816894531,42.38616848065779,97.05030526653712,80.75131648344804,62.83000183105469,0.02388474834627116,52.104869598165294,2.5178003861774574,62.54999923706055,-0.047942782224803554,37.135354395424585,3.592174118421643,0.0915873366533466
2024-04-29 12:30:00-04:00,62.66999816894531,62.77000045776367,62.66999816894531,62.709999084472656,62.709999084472656,3989,62.690101623535156,44.632059104192635,98.07608631941204,91.10144545674554,62.83000183105469,0.02388474834627116,52.104869598165294,2.5178003861774574,62.57500076293945,0.03997046552175332,37.135354395424585,3.592174118421643,0.09242883186984788
2024-04-29 12:35:00-04:00,62.690101623535156,62.814998626708984,62.690101623535156,62.814998626708984,62.814998626708984,3253,62.75,50.825192700087065,100.0,98.37546386198302,63.06999969482422,0.38197971792976876,61.24345701200593,17.538835591217804,62.57500076293945,0.03997046552175332,37.135354395424585,3.592174118421643,0.0956756490002459
2024-04-29 12:45:00-04:00,62.75,62.75,62.689998626708984,62.709999084472656,62.709999084472656,3587,62.720001220703125,45.36107441829523,87.8393129065424,95.30513307531812,63.130001068115234,0.09513457044766654,63.49501789622008,3.6764105001008613,62.59000015258789,0.02397025883429315,41.118820634971556,10.726883597582605,0.09860808410022132
2024-04-29 12:50:00-04:00,62.720001220703125,62.75,62.709999084472656,62.72999954223633,62.72999954223633,3712,62.75,46.540055337199085,78.30251082152671,88.7139412426897,63.130001068115234,0.09513457044766654,63.49501789622008,3.6764105001008613,62.630001068115234,0.06390943510117542,41.118820634971556,10.726883597582605,0.09274736724293356
2024-04-29 12:55:00-04:00,62.75,62.83000183105469,62.75,62.83000183105469,62.83000183105469,996,62.81999969482422,52.104869598165294,78.30251082152671,81.48144484986527,63.130001068115234,0.09513457044766654,63.49501789622008,3.6764105001008613,62.65999984741211,0.04789841734833899,42.38616848065779,3.0821600087633643,0.09347285940047614
2024-04-29 13:00:00-04:00,62.81999969482422,62.81999969482422,62.81999969482422,62.81999969482422,62.81999969482422,1813,62.994998931884766,51.527138556876686,89.27863527528349,81.96121897277895,63.130001068115234,0.09513457044766654,63.49501789622008,3.6764105001008613,62.66999816894531,0.015956465939276666,44.632059104192635,5.298640344337144,0.0851257870834754
2024-04-29 13:05:00-04:00,62.994998931884766,63.06999969482422,62.994998931884766,63.029998779296875,63.029998779296875,1524,63.04999923706055,61.24345701200593,98.81543736029917,88.79886115236975,63.130001068115234,0.09513457044766654,63.49501789622008,3.6764105001008613,62.689998626708984,0.03191392747412373,45.36107441829523,1.6333893813877718,0.10161320837512786
2024-04-29 13:10:00-04:00,63.04999923706055,63.130001068115234,63.04499816894531,63.09000015258789,63.09000015258789,3654,63.06999969482422,63.49501789622008,98.81543736029917,95.63650333196058,63.130001068115234,0.09513457044766654,63.49501789622008,3.6764105001008613,62.689998626708984,0.03191392747412373,45.36107441829523,1.6333893813877718,0.10145211641945102
2024-04-29 13:15:00-04:00,63.06999969482422,63.11000061035156,63.06999969482422,63.06999969482422,63.06999969482422,1970,63.04999923706055,62.19790479098862,98.35972475496847,98.66353315852224,63.130001068115234,0.09513457044766654,63.49501789622008,3.6764105001008613,62.709999084472656,0.03190374573584806,46.540055337199085,2.599102719728221,0.0953069963302403
2024-04-29 13:20:00-04:00,63.04999923706055,63.125,63.0,63.0,63.0,6161,62.97999954223633,57.75118283115733,91.0963099989475,96.09049070473837,63.130001068115234,0.09513457044766654,63.49501789622008,3.6764105001008613,62.75,0.06378714098442428,51.527138556876686,10.715679608768033,0.09827629669721627
2024-04-29 13:25:00-04:00,62.97999954223633,63.060001373291016,62.970001220703125,63.0099983215332,63.0099983215332,3710,63.0,58.21074522411056,83.22444417889162,90.89349297760252,63.130001068115234,0.09513457044766654,63.49501789622008,3.6764105001008613,62.81999969482422,0.1115532985246514,49.58868718916342,-3.762000805795885,0.0974486822862837
2024-04-29 13:30:00-04:00,63.0,63.0,62.91999816894531,62.91999816894531,62.91999816894531,3146,62.95000076293945,52.65814607043834,68.72126767285307,81.01400728356406,63.130001068115234,0.09513457044766654,63.49501789622008,3.6764105001008613,62.83000183105469,0.01592189792909667,49.58868718916342,-3.762000805795885,0.09670382931644439
2024-04-29 13:35:00-04:00,62.95000076293945,62.959999084472656,62.95000076293945,62.959999084472656,62.959999084472656,1592,62.97999954223633,54.72524217393045,62.13618450012667,71.36063211729044,63.130001068115234,0.09513457044766654,63.49501789622008,3.6764105001008613,62.83000183105469,0.01592189792909667,48.35614032275683,-2.485540425187826,0.09103353793753433
2024-04-29 13:40:00-04:00,62.97999954223633,63.02000045776367,62.939998626708984,63.02000045776367,63.02000045776367,3194,63.0,57.70820260596056,59.78198530379826,63.54647915892597,63.125,-0.007921856535117722,62.19790479098862,-2.0428580827420664,62.807899475097656,-0.035178028510110315,45.962823258181075,-4.949355032476482,0.08993036724924965
2024-04-29 13:45:00-04:00,63.0,63.0,63.0,63.0,63.0,1525,63.0099983215332,56.374864484372644,62.83736013709791,61.58517664700759,63.125,-0.007921856535117722,58.21074522411056,-6.4104403199378055,62.790000915527344,-0.028497306421478078,45.962823258181075,-4.949355032476482,0.08293737630069187
2024-04-29 13:50:00-04:00,63.0099983215332,63.0099983215332,62.869998931884766,62.88999938964844,62.88999938964844,3163,62.869998931884766,49.58868718916342,51.123610258787814,57.91431856656131,63.060001373291016,-0.10296812151918316,58.21074522411056,-6.4104403199378055,62.790000915527344,-0.028497306421478078,45.962823258181075,-4.949355032476482,0.08864357763546643
2024-04-29 13:55:00-04:00,62.869998931884766,62.90999984741211,62.83000183105469,62.900001525878906,62.900001525878906,3395,62.875,50.17598818686717,35.16455953498934,49.70850997695834,63.02000045776367,-0.06343310284843426,57.70820260596056,-0.8633158984912841,62.790000915527344,-0.028497306421478078,45.664828074412775,-0.6483395984933524,0.08777902150766197
2024-04-29 14:00:00-04:00,62.875,62.875,62.869998931884766,62.869998931884766,62.869998931884766,1389,62.83000183105469,48.35614032275683,14.919303119426397,33.73582430440117,63.02000045776367,-0.06343310284843426,57.70820260596056,-0.8633158984912841,62.779998779296875,-0.015929504832982604,43.9916187260974,-3.6641095978480616,0.08200137875630983
2024-04-29 14:05:00-04:00,62.83000183105469,62.83000183105469,62.807899475097656,62.83000183105469,62.83000183105469,3092,62.86000061035156,45.962823258181075,7.148217593150531,19.07736008252207,63.02000045776367,-0.06343310284843426,57.70820260596056,-0.8633158984912841,62.779998779296875,-0.015929504832982604,43.9916187260974,-3.6641095978480616,0.0800111865593898
2024-04-29 14:10:00-04:00,62.86000061035156,62.86000061035156,62.790000915527344,62.86000061035156,62.86000061035156,5902,62.8849983215332,48.04001863926099,3.949297133957743,8.672272615511538,63.0099983215332,-0.01587136807016089,56.374864484372644,-2.3104828453801067,62.779998779296875,-0.015929504832982604,43.9916187260974,-3.6641095978480616,0.07901003738587269
2024-04-29 14:20:00-04:00,62.8849983215332,62.92499923706055,62.84000015258789,62.86000061035156,62.86000061035156,6151,62.83000183105469,48.040018639261,7.898594267915528,6.3320363316745825,63.0099983215332,-0.01587136807016089,55.14162774259056,-2.1875648891784825,62.779998779296875,-0.015929504832982604,43.9916187260974,-3.6641095978480616,0.07960894209455104
2024-04-29 14:25:00-04:00,62.83000183105469,62.83000183105469,62.82500076293945,62.82500076293945,62.82500076293945,1780,62.834999084472656,45.664828074412775,7.898594267915528,6.582161889929581,62.9900016784668,-0.03173566671810646,55.14162774259056,-2.1875648891784825,62.779998779296875,-0.015929504832982604,43.9916187260974,-3.6641095978480616,0.07514803262630687
2024-04-29 14:30:00-04:00,62.834999084472656,62.834999084472656,62.779998779296875,62.79999923706055,62.79999923706055,3896,62.849998474121094,43.9916187260974,3.949297133957756,6.582161889929584,62.9900016784668,-0.03173566671810646,55.96477180309321,1.492781577550104,62.779998779296875,-0.015929504832982604,43.9916187260974,-3.6641095978480616,0.07313325988125431
2024-04-29 14:35:00-04:00,62.849998474121094,62.90999984741211,62.810001373291016,62.8849983215332,62.8849983215332,3905,62.88999938964844,50.61656239361094,15.530592235369808,9.126161212414345,62.9900016784668,-0.03173566671810646,55.96477180309321,1.492781577550104,62.72999954223633,-0.07964198476065479,43.36960729645541,-1.4139316707456986,0.07681999492828513
2024-04-29 14:40:00-04:00,62.88999938964844,62.91999816894531,62.88999938964844,62.91999816894531,62.91999816894531,1568,62.939998626708984,53.07774927145521,37.61123715624024,19.030375508522585,62.9900016784668,-0.03173566671810646,55.96477180309321,1.492781577550104,62.72999954223633,-0.07964198476065479,43.36960729645541,-1.4139316707456986,0.07263798017666756
2024-04-29 14:45:00-04:00,62.939998626708984,62.970001220703125,62.90999984741211,62.95000076293945,62.95000076293945,4139,62.970001220703125,55.14162774259056,64.70741288568482,39.283080759098276,62.9900016784668,-0.03173566671810646,55.96477180309321,1.492781577550104,62.709999084472656,-0.03188340173700383,40.14533874447576,-7.434396465570889,0.07137431948810237
2024-04-29 14:50:00-04:00,62.970001220703125,62.9900016784668,62.900001525878906,62.900001525878906,62.900001525878906,5821,62.90999984741211,51.107245742038344,66.4688497207775,56.26249992090084,62.9900016784668,-0.03173566671810646,55.96477180309321,1.492781577550104,62.709999084472656,-0.03188340173700383,40.14533874447576,-7.434396465570889,0.07323690279808119
2024-04-29 14:55:00-04:00,62.90999984741211,62.970001220703125,62.90999984741211,62.970001220703125,62.970001220703125,2941,62.970001220703125,55.96477180309321,76.61764693141126,69.2646365126245,62.9900016784668,-0.03173566671810646,55.96477180309321,1.492781577550104,62.709999084472656,-0.03188340173700383,40.14533874447576,-7.434396465570889,0.07291318200069494
2024-04-29 15:00:00-04:00,62.970001220703125,62.970001220703125,62.72999954223633,62.779998779296875,62.779998779296875,6724,62.810001373291016,43.36960729645541,49.52147120196671,64.20265595138514,62.9900016784668,-0.03173566671810646,55.96477180309321,1.492781577550104,62.70000076293945,-0.015943743707817665,40.14533874447576,-7.434396465570889,0.08962203164730513
2024-04-29 15:05:00-04:00,62.810001373291016,62.810001373291016,62.7599983215332,62.810001373291016,62.810001373291016,4013,62.7599983215332,45.457038304652215,37.75386649054213,54.63099487464002,62.9900016784668,-0.03173566671810646,55.96477180309321,1.492781577550104,62.70000076293945,-0.015943743707817665,40.14533874447576,-7.434396465570889,0.08566013365835587
2024-04-29 15:10:00-04:00,62.7599983215332,62.76499938964844,62.709999084472656,62.709999084472656,62.709999084472656,3787,62.72999954223633,40.14533874447576,5.524424359037927,30.93325401718224,62.9900016784668,-0.03173566671810646,55.96477180309321,1.492781577550104,62.70000076293945,-0.015943743707817665,40.14533874447576,-7.434396465570889,0.08709434917435623
2024-04-29 15:15:00-04:00,62.72999954223633,62.790000915527344,62.72999954223633,62.779998779296875,62.779998779296875,6156,62.7599983215332,44.99083547638834,15.734433600957958,19.670908150179326,62.9900016784668,-0.03173566671810646,55.96477180309321,1.492781577550104,62.65999984741211,-0.06379731266444798,40.14533874447576,-7.434396465570889,0.08638509736238935
2024-04-29 15:20:00-04:00,62.7599983215332,62.83000183105469,62.72999954223633,62.72999954223633,62.72999954223633,4459,62.70000076293945,42.35340755669138,14.862659780519854,12.040505913505234,62.970001220703125,-0.031751797476946335,55.96477180309321,1.492781577550104,62.625,-0.055856762683274865,38.346083201486,-4.481854180984694,0.08774681650798635
2024-04-29 15:25:00-04:00,62.70000076293945,62.720001220703125,62.70000076293945,62.71500015258789,62.71500015258789,3311,62.720001220703125,41.56619554755435,17.856565646833644,16.151219676103807,62.970001220703125,-0.031751797476946335,47.615706818034674,-14.918429426343296,62.584999084472656,-0.06387371740893213,38.346083201486,-4.481854180984694,0.08197201278687521
2024-04-29 15:30:00-04:00,62.720001220703125,62.79999923706055,62.720001220703125,62.779998779296875,62.779998779296875,7069,62.77000045776367,46.23018117725292,20.468007106782093,17.729077511378517,62.83000183105469,-0.22232711915909703,47.615706818034674,-14.918429426343296,62.560001373291016,-0.03994201733214143,38.346083201486,-4.481854180984694,0.08227471995545332
2024-04-29 15:35:00-04:00,62.77000045776367,62.83000183105469,62.7599983215332,62.79999923706055,62.79999923706055,7041,62.790000915527344,47.615706818034674,31.55626638435192,23.293613045989208,62.83000183105469,-0.22232711915909703,47.615706818034674,-14.918429426343296,61.1510009765625,-2.25223843637904,23.50191194406138,-38.71104952082661,0.08104759891205643
2024-04-29 15:40:00-04:00,62.790000915527344,62.790000915527344,62.65999984741211,62.685001373291016,62.685001373291016,11438,62.70000076293945,41.06377477925454,30.49760904301287,27.507294178048948,62.83000183105469,-0.22232711915909703,47.615706818034674,-14.918429426343296,61.1510009765625,-2.25223843637904,23.50191194406138,-38.71104952082661,0.08694277798569454
2024-04-29 15:45:00-04:00,62.70000076293945,62.7400016784668,62.625,62.630001068115234,62.630001068115234,15326,62.650001525878906,38.346083201486,17.676158341144387,26.576677922836378,62.83000183105469,-0.22232711915909703,47.615706818034674,-14.918429426343296,61.1510009765625,-2.25223843637904,23.50191194406138,-38.71104952082661,0.08974866803380477
2024-04-29 15:50:00-04:00,62.650001525878906,62.79999923706055,62.584999084472656,62.720001220703125,62.720001220703125,32449,62.689998626708984,44.78564256909712,14.118446932873788,20.764071439010337,62.83000183105469,-0.22232711915909703,47.615706818034674,-14.918429426343296,61.1510009765625,-2.25223843637904,23.50191194406138,-38.71104952082661,0.10227381648921337
2024-04-29 15:55:00-04:00,62.689998626708984,62.72999954223633,62.560001373291016,62.619998931884766,62.619998931884766,77849,61.939998626708984,39.81010326552211,14.953022536395874,15.582542603471337,62.83000183105469,-0.22232711915909703,50.24790011725791,5.527993754838652,61.1510009765625,-2.25223843637904,23.50191194406138,-38.71104952082661,0.10904625173482327
2024-04-30 09:30:00-04:00,61.939998626708984,62.55500030517578,61.1510009765625,62.040000915527344,62.040000915527344,15405,62.16999816894531,23.50191194406138,14.953022536395874,14.674830668555165,62.83000183105469,-0.22232711915909703,52.69939981606947,4.878810244986893,61.1510009765625,-2.25223843637904,23.50191194406138,-38.71104952082661,0.2450414220935675
2024-04-30 09:35:00-04:00,62.16999816894531,62.43000030517578,62.16999816894531,62.32500076293945,62.32500076293945,8546,62.20000076293945,37.130614461832884,21.609251365063567,17.171765479285092,62.900001525878906,0.1114112570176949,52.69939981606947,4.878810244986893,61.1510009765625,-2.25223843637904,23.50191194406138,-38.71104952082661,0.2595372188490545
2024-04-30 09:40:00-04:00,62.20000076293945,62.20000076293945,61.869998931884766,62.0,62.0,5004,62.02000045776367,30.46513399324236,28.464930101314355,21.675734667591254,62.900001525878906,0.1114112570176949,52.69939981606947,4.878810244986893,61.1510009765625,-2.25223843637904,23.50191194406138,-38.71104952082661,0.2790836800696178
2024-04-30 09:45:00-04:00,62.02000045776367,62.33000183105469,61.994998931884766,62.27000045776367,62.27000045776367,3295,62.275001525878906,40.08749421714594,51.391754573594405,33.821978679990764,62.900001525878906,0.1114112570176949,52.69939981606947,4.878810244986893,61.1510009765625,-2.25223843637904,23.50191194406138,-38.71104952082661,0.28467560197964825
2024-04-30 09:50:00-04:00,62.275001525878906,62.63999938964844,62.13999938964844,62.63999938964844,62.63999938964844,15901,62.59000015258789,50.24790011725791,65.88566067036096,48.58078178175656,62.900001525878906,0.1114112570176949,52.69939981606947,4.878810244986893,61.1510009765625,-2.25223843637904,23.50191194406138,-38.71104952082661,0.3062080417816834
2024-04-30 09:55:00-04:00,62.59000015258789,62.744998931884766,62.56999969482422,62.744998931884766,62.744998931884766,14288,62.84000015258789,52.69939981606947,89.59349113894669,68.95696879430068,62.900001525878906,0.1114112570176949,52.69939981606947,4.878810244986893,61.1510009765625,-2.25223843637904,23.50191194406138,-38.71104952082661,0.29308716130956974
2024-04-30 10:00:00-04:00,62.84000015258789,62.900001525878906,62.459999084472656,62.63999938964844,62.63999938964844,18656,62.599998474121094,50.0438420293028,96.96828051508203,84.14914410812987,62.900001525878906,0.1114112570176949,52.69939981606947,4.878810244986893,61.869998931884766,1.1757746297527294,30.46513399324236,29.6283215840254,0.30777868931923774
2024-04-30 10:05:00-04:00,62.599998474121094,62.65999984741211,62.400001525878906,62.400001525878906,62.400001525878906,3764,62.290000915527344,44.52148611304406,87.631959368922,91.39791034098356,62.900001525878906,0.1114112570176949,52.69939981606947,4.878810244986893,61.869998931884766,1.1757746297527294,30.46513399324236,29.6283215840254,0.30300065254063424
2024-04-30 10:10:00-04:00,62.290000915527344,62.290000915527344,62.11000061035156,62.220001220703125,62.220001220703125,3089,62.13999938964844,40.87802450670416,74.13607762139378,86.24543916846592,62.900001525878906,0.1114112570176949,52.69939981606947,4.878810244986893,61.994998931884766,0.20203653169223043,37.8410184104166,24.21090423830181,0.3017006788393052
2024-04-30 10:15:00-04:00,62.13999938964844,62.150001525878906,62.0099983215332,62.130001068115234,62.130001068115234,7566,62.150001525878906,39.152737448003634,61.70224012934413,74.49009237321995,62.900001525878906,0.1114112570176949,52.69939981606947,4.878810244986893,62.0,0.008066889590125094,37.8410184104166,24.21090423830181,0.29253090087236683
2024-04-30 10:20:00-04:00,62.150001525878906,62.19499969482422,62.150001525878906,62.18000030517578,62.18000030517578,1738,62.189998626708984,40.651342456940085,57.28388780046184,64.37406851706658,62.900001525878906,0.1114112570176949,52.69939981606947,4.878810244986893,62.0,0.008066889590125094,37.8410184104166,24.21090423830181,0.26977767345602854
2024-04-30 10:25:00-04:00,62.189998626708984,62.189998626708984,62.040000915527344,62.040000915527344,62.040000915527344,2021,62.0099983215332,37.8410184104166,53.8166875746516,57.60093850148584,62.900001525878906,0.1114112570176949,50.0438420293028,-5.03906647141154,62.0,0.008066889590125094,37.8410184104166,24.21090423830181,0.25779967722858976
2024-04-30 10:30:00-04:00,62.0099983215332,62.099998474121094,62.0,62.099998474121094,62.099998474121094,4012,62.060001373291016,39.76294741291763,54.513334226341804,55.204636533818395,62.65999984741211,-0.38156068782932084,48.29448534596259,-3.4956482404286366,62.0,0.008066889590125094,37.8410184104166,24.21090423830181,0.2420195569178402
2024-04-30 10:35:00-04:00,62.060001373291016,62.224998474121094,62.060001373291016,62.224998474121094,62.224998474121094,2799,62.244998931884766,43.67071567543183,57.960403864350454,55.43014188844794,62.3849983215332,-0.4388789124618294,48.29448534596259,-3.4956482404286366,62.0,0.008066889590125094,37.8410184104166,24.21090423830181,0.23431731130906397
2024-04-30 10:40:00-04:00,62.244998931884766,62.3849983215332,62.22999954223633,62.3849983215332,62.3849983215332,3291,62.310001373291016,48.29448534596259,68.31969313740778,60.26447707603333,62.3849983215332,-0.4388789124618294,48.29448534596259,-3.4956482404286366,62.0,0.008066889590125094,37.8410184104166,24.21090423830181,0.22688556491936848
2024-04-30 10:45:00-04:00,62.310001373291016,62.31999969482422,62.209999084472656,62.209999084472656,62.209999084472656,4114,62.21500015258789,44.03675156049414,70.10166950437758,65.46058883537859,62.3849983215332,-0.4388789124618294,48.29448534596259,-3.4956482404286366,62.0,0.008066889590125094,37.8410184104166,24.21090423830181,0.22169693213348635
2024-04-30 10:50:00-04:00,62.21500015258789,62.25,62.189998626708984,62.189998626708984,62.189998626708984,3625,62.19499969482422,43.5640385464254,59.91497897596862,66.11211387258466,62.3849983215332,-0.4388789124618294,49.01013255614839,1.4818404317991722,62.0,0.008066889590125094,37.8410184104166,24.21090423830181,0.20552737624923925
2024-04-30 10:55:00-04:00,62.19499969482422,62.314998626708984,62.150001525878906,62.314998626708984,62.314998626708984,8356,62.2599983215332,47.36678151543659,54.55556124965493,61.52406991000036,62.470001220703125,0.13625535217908588,52.477961882989035,7.075739537875621,62.0,0.008066889590125094,39.76294741291763,5.078956865420874,0.20147434870732317
2024-04-30 11:00:00-04:00,62.2599983215332,62.2599983215332,62.18000030517578,62.18000030517578,62.18000030517578,3530,62.209999084472656,43.92446674157659,47.856786437659835,54.10910888776112,62.470001220703125,0.13625535217908588,52.477961882989035,7.075739537875621,62.060001373291016,0.09677640853389617,41.97753862907654,5.569484558479844,0.19482674598991118
2024-04-30 11:05:00-04:00,62.209999084472656,62.209999084472656,62.099998474121094,62.099998474121094,62.099998474121094,3352,62.11000061035156,41.97753862907654,46.31710011101052,49.57648259944174,62.470001220703125,0.13625535217908588,52.477961882989035,7.075739537875621,62.06999969482422,0.016110733664124827,41.97753862907654,5.569484558479844,0.1863441324260763
2024-04-30 11:10:00-04:00,62.11000061035156,62.17499923706055,62.06999969482422,62.17499923706055,62.17499923706055,4018,62.150001525878906,44.46283158680545,46.06218302455997,46.74535652441009,62.470001220703125,0.13625535217908588,52.477961882989035,7.075739537875621,62.06999969482422,0.016110733664124827,41.97753862907654,5.569484558479844,0.1782096734071015
2024-04-30 11:15:00-04:00,62.150001525878906,62.31999969482422,62.099998474121094,62.31999969482422,62.31999969482422,4433,62.349998474121094,49.01013255614839,65.74789179486264,52.709058310144364,62.470001220703125,0.13625535217908588,52.477961882989035,7.075739537875621,62.06999969482422,0.016110733664124827,41.97753862907654,5.569484558479844,0.18238882813670385
2024-04-30 11:20:00-04:00,62.349998474121094,62.470001220703125,62.33000183105469,62.439998626708984,62.439998626708984,8699,62.400001525878906,52.477961882989035,87.78187248695458,66.53064910212572,62.470001220703125,0.13625535217908588,52.477961882989035,7.075739537875621,62.06999969482422,0.016110733664124827,41.97753862907654,5.569484558479844,0.1791500979109241
2024-04-30 11:25:00-04:00,62.400001525878906,62.43000030517578,62.349998474121094,62.43000030517578,62.43000030517578,3155,62.34000015258789,52.159657247775584,99.27511132860508,84.26829187014074,62.470001220703125,0.13625535217908588,52.477961882989035,7.075739537875621,62.06999969482422,0.016110733664124827,41.97753862907654,5.569484558479844,0.17023510337862074
2024-04-30 11:30:00-04:00,62.34000015258789,62.439998626708984,62.34000015258789,62.439998626708984,62.439998626708984,2369,62.459999084472656,52.47012561173208,99.25726545508729,95.43808309021563,62.470001220703125,0.13625535217908588,52.477961882989035,7.075739537875621,62.06999969482422,0.016110733664124827,41.97753862907654,5.569484558479844,0.16321144045286803
2024-04-30 11:35:00-04:00,62.459999084472656,62.459999084472656,62.36000061035156,62.36000061035156,62.36000061035156,3075,62.369998931884766,49.69142761892436,91.95216362547836,96.82818013639023,62.470001220703125,0.13625535217908588,52.477961882989035,7.075739537875621,62.06999969482422,0.016110733664124827,42.741668074806846,1.8203293253621495,0.1568901438196906
2024-04-30 11:40:00-04:00,62.369998931884766,62.40999984741211,62.220001220703125,62.244998931884766,62.244998931884766,7951,62.209999084472656,45.92613457789129,71.87843892460907,87.6959560017249,62.470001220703125,0.13625535217908588,52.477961882989035,7.075739537875621,62.099998474121094,0.04833056137323694,42.741668074806846,1.8203293253621495,0.16020099210862
2024-04-30 11:45:00-04:00,62.209999084472656,62.209999084472656,62.119998931884766,62.13999938964844,62.13999938964844,6080,62.185001373291016,42.741668074806846,40.9886614488985,68.27308799966197,62.474998474121094,0.007999445046132982,55.540290666958626,5.835456778595393,62.119998931884766,0.0322068570935741,42.741668074806846,1.8203293253621495,0.156680892897758
2024-04-30 11:50:00-04:00,62.185001373291016,62.185001373291016,62.13999938964844,62.13999938964844,62.13999938964844,2517,62.119998931884766,42.74166807480685,17.386139929279075,43.41774676759553,62.52000045776367,0.0720319883820713,55.540290666958626,5.835456778595393,62.119998931884766,0.0322068570935741,42.741668074806846,1.8203293253621495,0.14551300197224
2024-04-30 11:55:00-04:00,62.119998931884766,62.279998779296875,62.119998931884766,62.209999084472656,62.209999084472656,4757,62.27000045776367,45.65515614303784,16.52592560489464,24.966908994357386,62.52000045776367,0.0720319883820713,55.540290666958626,5.835456778595393,62.119998931884766,0.0322068570935741,42.741668074806846,1.8203293253621495,0.14696168651622693
2024-04-30 12:00:00-04:00,62.27000045776367,62.33000183105469,62.27000045776367,62.33000183105469,62.33000183105469,668,62.31999969482422,50.32195194137834,40.589348838007496,24.833804790727054,62.52000045776367,0.0720319883820713,55.540290666958626,5.835456778595393,62.119998931884766,0.0322068570935741,42.741668074806846,1.8203293253621495,0.14426579252280736
2024-04-30 12:05:00-04:00,62.31999969482422,62.380001068115234,62.22999954223633,62.380001068115234,62.380001068115234,3598,62.474998474121094,52.165108070343045,70.5038255140627,42.53969998565493,62.52000045776367,0.0720319883820713,55.540290666958626,5.835456778595393,62.119998931884766,0.0322068570935741,42.741668074806846,1.8203293253621495,0.14483936585841722
2024-04-30 12:10:00-04:00,62.474998474121094,62.474998474121094,62.474998474121094,62.474998474121094,62.474998474121094,504,62.4900016784668,55.540290666958626,92.16265321071133,67.75194252092716,62.52000045776367,0.0720319883820713,55.540290666958626,5.835456778595393,62.119998931884766,0.0322068570935741,42.741668074806846,1.8203293253621495,0.13985516987316143
2024-04-30 12:15:00-04:00,62.4900016784668,62.52000045776367,62.369998931884766,62.40999984741211,62.40999984741211,5689,62.43000030517578,52.795396228778436,91.85792143092272,84.84146671856557,62.52000045776367,0.0720319883820713,55.540290666958626,5.835456778595393,62.119998931884766,0.0322068570935741,42.74166807480685,1.662412272999037e-14,0.1408698054737359
2024-04-30 12:20:00-04:00,62.43000030517578,62.45000076293945,62.380001068115234,62.40999984741211,62.40999984741211,3391,62.43000030517578,52.795396228778436,85.70213620819173,89.90757028327523,62.52000045776367,0.0720319883820713,55.540290666958626,5.835456778595393,62.119998931884766,0.0322068570935741,45.65515614303784,6.816505296732399,0.13378279440878418
2024-04-30 12:25:00-04:00,62.43000030517578,62.43000030517578,62.39500045776367,62.41999816894531,62.41999816894531,2605,62.380001068115234,53.20795121915436,79.62768189091106,85.72924651000848,62.52000045776367,0.0720319883820713,55.540290666958626,5.835456778595393,62.13999938964844,0.0321964876168182,40.564092904321896,-11.151124360993574,0.1239044997091167
2024-04-30 12:30:00-04:00,62.380001068115234,62.380001068115234,62.310001373291016,62.31999969482422,62.31999969482422,4205,62.29499816894531,48.63017770270399,68.77959128302385,78.0364697940422,62.52000045776367,0.0720319883820713,55.540290666958626,5.835456778595393,62.13999938964844,0.0321964876168182,40.564092904321896,-11.151124360993574,0.12251372930363472
2024-04-30 12:35:00-04:00,62.29499816894531,62.349998474121094,62.29499816894531,62.29999923706055,62.29999923706055,2130,62.30500030517578,47.745387241930885,55.627110874847574,68.01146134959414,62.52000045776367,0.0720319883820713,55.540290666958626,5.835456778595393,62.13999938964844,0.0321964876168182,40.564092904321896,-11.151124360993574,0.11576238689084936
2024-04-30 12:40:00-04:00,62.30500030517578,62.30500030517578,62.220001220703125,62.279998779296875,62.279998779296875,4492,62.28499984741211,46.827850463732055,39.01047704183225,54.47239306656788,62.52000045776367,0.0720319883820713,53.20795121915436,-4.199364857108668,62.13999938964844,0.0321964876168182,40.564092904321896,-11.151124360993574,0.11268605664903004
2024-04-30 12:45:00-04:00,62.28499984741211,62.3650016784668,62.2599983215332,62.2599983215332,62.2599983215332,4599,62.25,45.87837280374254,31.843547217553418,42.16037837807773,62.45000076293945,-0.11196368252029701,53.20795121915436,-4.199364857108668,62.13999938964844,0.0321964876168182,40.564092904321896,-11.151124360993574,0.11191778667748642
2024-04-30 12:50:00-04:00,62.25,62.290000915527344,62.13999938964844,62.13999938964844,62.13999938964844,5714,62.16999816894531,40.564092904321896,18.81162618830047,29.888550149228696,62.43000030517578,-0.03202635311341904,53.20795121915436,-4.199364857108668,62.130001068115234,-0.016089992969759652,40.564092904321896,-11.151124360993574,0.11572616059762839
2024-04-30 12:55:00-04:00,62.16999816894531,62.26499938964844,62.16999816894531,62.26499938964844,62.26499938964844,3359,62.209999084472656,47.3992105883403,23.382672105248805,24.679281837034214,62.380001068115234,-0.0800884780011793,50.168874714162584,-5.7116961569791425,62.130001068115234,-0.016089992969759652,40.564092904321896,-11.151124360993574,0.11665354453786554
2024-04-30 13:00:00-04:00,62.209999084472656,62.32109832763672,62.16999816894531,62.32109832763672,62.32109832763672,4303,62.28499984741211,50.168874714162584,36.59117343939385,26.261823910981025,62.369998931884766,-0.016034203365189133,50.168874714162584,-5.7116961569791425,62.130001068115234,-0.016089992969759652,40.564092904321896,-11.151124360993574,0.1200982059532196
2024-04-30 13:05:00-04:00,62.28499984741211,62.369998931884766,62.25,62.25,62.25,3602,62.22999954223633,46.805168293587876,50.482272475751586,36.81870600679807,62.369998931884766,-0.016034203365189133,50.168874714162584,-5.7116961569791425,62.08000183105469,-0.08047519105259794,39.80820091491552,-1.863450986539484,0.1200882785463742
2024-04-30 13:10:00-04:00,62.22999954223633,62.22999954223633,62.189998626708984,62.20069885253906,62.20069885253906,2572,62.21500015258789,44.57343568044422,44.19279243397056,43.75541278303865,62.369998931884766,-0.016034203365189133,50.168874714162584,-5.7116961569791425,61.959999084472656,-0.1933033876329583,34.18623824223479,-14.122624342398405,0.11407958802083835
2024-04-30 13:15:00-04:00,62.21500015258789,62.21500015258789,62.130001068115234,62.18000030517578,62.18000030517578,4103,62.15999984741211,43.63278408323755,29.64506201864099,41.44004230945436,62.369998931884766,-0.016034203365189133,50.168874714162584,-5.7116961569791425,61.88999938964844,-0.11297562275426318,34.18623824223479,-14.122624342398405,0.11117153766602014
2024-04-30 13:20:00-04:00,62.15999984741211,62.20000076293945,62.13999938964844,62.13999938964844,62.13999938964844,3815,62.20000076293945,41.79703666401887,19.004404761990664,30.947419738200722,62.369998931884766,-0.016034203365189133,50.168874714162584,-5.7116961569791425,61.88999938964844,-0.11297562275426318,34.18623824223479,-14.122624342398405,0.10605452122851969
2024-04-30 13:25:00-04:00,62.20000076293945,62.22999954223633,62.150001525878906,62.150001525878906,62.150001525878906,4477,62.119998931884766,42.44905525069855,15.049969083360375,21.233145287997328,62.369998931884766,-0.016034203365189133,50.168874714162584,-5.7116961569791425,61.88999938964844,-0.11297562275426318,34.18623824223479,-14.122624342398405,0.10444908436445677
2024-04-30 13:30:00-04:00,62.119998931884766,62.119998931884766,62.08000183105469,62.095001220703125,62.095001220703125,2354,62.08000183105469,39.80820091491552,8.219817159281753,14.09139700154425,62.369998931884766,-0.016034203365189133,46.805168293587876,-6.704767527155916,61.88999938964844,-0.11297562275426318,34.18623824223479,-14.122624342398405,0.10100414541043297
2024-04-30 13:35:00-04:00,62.08000183105469,62.095001220703125,61.959999084472656,61.959999084472656,61.959999084472656,10238,61.94499969482422,34.18623824223479,4.9693753795743385,9.413053874072142,62.22999954223633,-0.22446591637965713,44.57343568044422,-4.7681328676034145,61.88999938964844,-0.11297562275426318,34.18623824223479,-14.122624342398405,0.10440394449243655
2024-04-30 13:40:00-04:00,61.94499969482422,61.97999954223633,61.88999938964844,61.970001220703125,61.970001220703125,7521,62.0,34.919573566549964,1.5294417071576407,4.906211415337896,62.22999954223633,-0.22446591637965713,43.63278408323755,-2.1103412443913556,61.88999938964844,-0.11297562275426318,34.18623824223479,-14.122624342398405,0.10296356530198195
2024-04-30 13:45:00-04:00,62.0,62.05500030517578,62.0,62.0099983215332,62.0099983215332,5143,62.040000915527344,37.89947299587112,9.273751727927838,5.257522938219925,62.22999954223633,-0.22446591637965713,42.44905525069855,-2.712934453783245,61.869998931884766,-0.03231613824675057,31.702011789870944,-7.266744105511892,0.10116711721904936
2024-04-30 13:50:00-04:00,62.040000915527344,62.04499816894531,61.9900016784668,62.0099983215332,62.0099983215332,3169,62.02000045776367,37.899472995871115,17.01806174869802,9.273751727927818,62.22999954223633,-0.22446591637965713,42.44905525069855,-2.712934453783245,61.869998931884766,-0.03231613824675057,31.702011789870944,-7.266744105511892,0.09655005454499599
2024-04-30 13:55:00-04:00,62.02000045776367,62.04499816894531,61.970001220703125,61.970001220703125,61.970001220703125,2783,61.959999084472656,35.98837556849595,19.24715164014208,15.179655038922633,62.119998931884766,-0.17676460093319402,39.80820091491552,-6.221232298779074,61.83000183105469,-0.06464700423562733,30.75700122016216,-2.9809167190163106,0.09439474391471514
2024-04-30 14:00:00-04:00,61.959999084472656,62.0,61.93000030517578,61.939998626708984,61.939998626708984,3695,61.93000030517578,34.57977831535783,12.323607483656868,16.19627362416564,62.095001220703125,-0.040241003881939665,37.89947299587112,-4.794810805753405,61.790000915527344,-0.06469499327631092,28.901476667567227,-6.032852615613836,0.0919552390056655
2024-04-30 14:05:00-04:00,61.93000030517578,61.939998626708984,61.90999984741211,61.939998626708984,61.939998626708984,3021,61.90999984741211,34.57977831535783,5.400063327171666,12.323607483656858,62.05500030517578,-0.06441889804489935,37.89947299587112,-4.794810805753405,61.790000915527344,-0.06469499327631092,28.901476667567227,-6.032852615613836,0.08575959303478645
2024-04-30 14:10:00-04:00,61.90999984741211,61.91999816894531,61.869998931884766,61.880001068115234,61.880001068115234,3812,61.900001525878906,31.702011789870944,1.6415317285699338,6.455067513132808,62.05500030517578,-0.06441889804489935,37.89947299587112,-4.794810805753405,61.77000045776367,-0.032368437396552804,28.330875212728184,-1.9742986194174728,0.08418360321372967
2024-04-30 14:15:00-04:00,61.900001525878906,61.93000030517578,61.88999938964844,61.88999938964844,61.88999938964844,4084,61.88999938964844,32.707046693018874,3.4235209070117936,3.4883719875844506,62.04499816894531,-0.01611817932685516,37.899472995871115,-1.8748090134063574e-14,61.7599983215332,-0.016192546796738146,28.330875212728184,-1.9742986194174728,0.08076516659841139
2024-04-30 14:20:00-04:00,61.88999938964844,61.900001525878906,61.83000183105469,61.849998474121094,61.849998474121094,5779,61.81999969482422,30.75700122016216,2.6027550427268116,2.5559358927694986,62.04499816894531,-0.01611817932685516,37.56752639210846,-0.8758607376910383,61.7599983215332,-0.016192546796738146,28.330875212728184,-1.9742986194174728,0.07968861942099212
2024-04-30 14:25:00-04:00,61.81999969482422,61.84000015258789,61.790000915527344,61.810001373291016,61.810001373291016,5916,61.810001373291016,28.901476667567227,2.6027550427268116,2.8763436641551245,62.0,-0.07252505483646694,37.56752639210846,-0.8758607376910383,61.709999084472656,-0.08095731609356954,28.330875212728184,-1.9742986194174728,0.0777195133382679
2024-04-30 14:30:00-04:00,61.810001373291016,61.81999969482422,61.790000915527344,61.81999969482422,61.81999969482422,5728,61.79999923706055,30.037716373874257,2.79567722338662,2.6670624362800672,61.939998626708984,-0.09677640853389617,37.56752639210846,-0.8758607376910383,61.709999084472656,-0.08095731609356954,28.330875212728184,-1.9742986194174728,0.07294743993412861
2024-04-30 14:35:00-04:00,61.79999923706055,61.80500030517578,61.77000045776367,61.78499984741211,61.78499984741211,6461,61.779998779296875,28.330875212728184,2.79567722338662,2.7313698298333358,61.93000030517578,-0.01614194664978855,42.369315718651244,12.781755382093664,61.709999084472656,-0.08095731609356954,28.330875212728184,-1.9742986194174728,0.07065261964677043
2024-04-30 14:40:00-04:00,61.779998779296875,61.845001220703125,61.7599983215332,61.80500030517578,61.80500030517578,8122,61.775001525878906,30.75240253533982,11.231351838384914,5.60756876171937,61.93000030517578,-0.01614194664978855,47.22547384457037,11.461497651191499,61.709999084472656,-0.08095731609356954,28.330875212728184,-1.9742986194174728,0.07208764759908556
2024-04-30 14:45:00-04:00,61.775001525878906,61.88999938964844,61.77000045776367,61.8650016784668,61.8650016784668,2964,61.83000183105469,37.56752639210846,40.612632997387195,18.213220686386226,62.0,0.11303034794005733,48.308216110858844,2.2927081046386637,61.709999084472656,-0.08095731609356954,28.330875212728184,-1.9742986194174728,0.07687877602765357
2024-04-30 14:50:00-04:00,61.83000183105469,61.83000183105469,61.709999084472656,61.709999084472656,61.709999084472656,5251,61.75,29.492512559444357,44.65933302262543,32.16777261946583,62.0,0.11303034794005733,48.308216110858844,2.2927081046386637,61.709999084472656,-0.08095731609356954,28.330875212728184,-1.9742986194174728,0.08469115782430228
2024-04-30 14:55:00-04:00,61.75,61.79499816894531,61.744998931884766,61.79499816894531,61.79499816894531,937,61.779998779296875,37.434440990911874,67.93699817625206,51.06965473208822,62.0,0.11303034794005733,48.308216110858844,2.2927081046386637,61.54999923706055,-0.2592770212054147,28.330875212728184,-1.9742986194174728,0.08472195048913768
2024-04-30 15:00:00-04:00,61.779998779296875,61.85499954223633,61.77000045776367,61.85499954223633,61.85499954223633,5595,61.880001068115234,42.369315718651244,69.09337312719647,60.56323477535798,62.0,0.11303034794005733,48.308216110858844,2.2927081046386637,61.54999923706055,-0.2592770212054147,28.330875212728184,-1.9742986194174728,0.08474966388748953
2024-04-30 15:05:00-04:00,61.880001068115234,61.91999816894531,61.869998931884766,61.91999816894531,61.91999816894531,2995,61.90999984741211,47.22547384457037,98.38000643529156,78.47012591291336,62.0,0.11303034794005733,48.308216110858844,2.2927081046386637,61.54999923706055,-0.2592770212054147,29.492512559444357,4.100252244216886,0.08277456016963901
2024-04-30 15:10:00-04:00,61.90999984741211,62.0,61.90999984741211,61.935001373291016,61.935001373291016,7373,61.90999984741211,48.308216110858844,100.0,89.157793187496,62.0,0.11303034794005733,50.64699583639395,4.841370503452285,61.54999923706055,-0.2592770212054147,29.492512559444357,4.100252244216886,0.08349711941146418
2024-04-30 15:15:00-04:00,61.90999984741211,61.90999984741211,61.7599983215332,61.78499984741211,61.78499984741211,5090,61.78499984741211,39.56768661207734,85.41592773640959,94.59864472390036,62.0,0.11303034794005733,50.64699583639395,4.841370503452285,61.54999923706055,-0.2592770212054147,29.492512559444357,4.100252244216886,0.09264771264609901
2024-04-30 15:20:00-04:00,61.78499984741211,61.78499984741211,61.54999923706055,61.67499923706055,61.67499923706055,17711,61.689998626708984,34.620740331298876,62.57759329647964,82.66450701096305,62.0,0.11303034794005733,50.64699583639395,4.841370503452285,61.54999923706055,-0.2592770212054147,34.620740331298876,17.38823629054389,0.10688300241664536
2024-04-30 15:25:00-04:00,61.689998626708984,61.8849983215332,61.689998626708984,61.849998474121094,61.849998474121094,7194,61.85499954223633,46.15451739426602,58.98402408294739,68.99251503861218,62.0,0.11303034794005733,50.64699583639395,4.841370503452285,61.54999923706055,-0.2592770212054147,34.620740331298876,17.38823629054389,0.11719461062224645
2024-04-30 15:30:00-04:00,61.85499954223633,61.90800094604492,61.81999969482422,61.880001068115234,61.880001068115234,9635,61.88999938964844,47.85302693836112,72.80858723599289,64.79006820513996,62.0,0.11303034794005733,50.64699583639395,4.841370503452285,61.54999923706055,-0.2592770212054147,34.620740331298876,17.38823629054389,0.11427527468209213
2024-04-30 15:35:00-04:00,61.88999938964844,61.970001220703125,61.880001068115234,61.93000030517578,61.93000030517578,10077,61.939998626708984,50.64699583639395,95.64692167592285,75.81317766495435,62.0,0.11303034794005733,50.64699583639395,4.841370503452285,61.16999816894531,-0.6173859834695623,29.785362112856173,-13.96670947002043,0.11184776247267199
2024-04-30 15:40:00-04:00,61.939998626708984,61.939998626708984,61.849998474121094,61.849998474121094,61.849998474121094,16309,61.85200119018555,46.36628405896953,92.84644082192258,87.1006499112794,61.970001220703125,-0.048385127898185484,50.64699583639395,4.841370503452285,61.099998474121094,-0.11443468517178423,25.664099627525122,-13.83653644939976,0.10966300148419386
2024-04-30 15:45:00-04:00,61.85200119018555,61.959999084472656,61.845001220703125,61.91999816894531,61.91999816894531,14272,61.91999816894531,50.322693595803194,93.09494361078917,93.86276870287817,61.970001220703125,-0.048385127898185484,50.64699583639395,4.841370503452285,60.93000030517578,-0.27822941602415135,22.901630509730847,-10.763943243235722,0.11019648771272758
2024-04-30 15:50:00-04:00,61.91999816894531,61.91999816894531,61.63999938964844,61.63999938964844,61.63999938964844,36663,61.630001068115234,38.18787009924856,73.46297312958606,86.46811918743259,61.970001220703125,-0.048385127898185484,50.64699583639395,4.841370503452285,60.689998626708984,-0.39389738595883383,20.39798751034796,-10.93216047791486,0.12717671687114232
2024-04-30 15:55:00-04:00,61.630001068115234,61.72999954223633,61.61000061035156,61.68000030517578,61.68000030517578,66650,61.41999816894531,40.39903608441868,63.70920933057099,76.75570869031539,61.970001220703125,-0.048385127898185484,50.64699583639395,4.841370503452285,60.689998626708984,-0.39389738595883383,20.39798751034796,-10.93216047791486,0.12645893837250466
2024-05-01 09:30:00-04:00,61.41999816894531,61.79499816894531,61.16999816894531,61.310001373291016,61.310001373291016,6148,61.29999923706055,29.785362112856173,30.886882318915927,56.01968825969097,61.970001220703125,-0.048385127898185484,50.64699583639395,4.841370503452285,60.689998626708984,-0.39389738595883383,20.39798751034796,-10.93216047791486,0.17631304453525418
2024-05-01 09:35:00-04:00,61.29999923706055,61.29999923706055,61.099998474121094,61.099998474121094,61.099998474121094,2574,61.119998931884766,25.664099627525122,17.185519466785717,37.260537038757526,61.959999084472656,-0.0161402872897269,50.322693595803194,-0.6403188091122999,60.650001525878906,-0.06590394090481302,20.39798751034796,-10.93216047791486,0.17968202999872093
2024-05-01 09:40:00-04:00,61.119998931884766,61.119998931884766,60.93000030517578,60.93000030517578,60.93000030517578,3010,61.01499938964844,22.901630509730847,0.0,16.024133928567196,61.959999084472656,-0.0161402872897269,50.322693595803194,-0.6403188091122999,60.58000183105469,-0.11541581708674879,20.39798751034796,-10.93216047791486,0.18071368966974727
2024-05-01 09:45:00-04:00,61.01499938964844,61.060001373291016,60.689998626708984,60.75,60.75,12185,60.79999923706055,20.39798751034796,0.0,5.728506488928553,61.91999816894531,-0.06455925777663235,40.39903608441868,-19.72004438214755,60.345001220703125,-0.38791780001415554,18.960732113930092,-7.046064694807485,0.19964259536097567
2024-05-01 09:50:00-04:00,60.79999923706055,60.900001525878906,60.720001220703125,60.845001220703125,60.845001220703125,14318,60.82500076293945,25.0548171398692,5.1316609339458745,1.7105536446486058,61.79499816894531,-0.2018733909825778,40.39903608441868,-19.72004438214755,60.2400016784668,-0.1739987407611568,18.37612518239622,-3.083250836629739,0.19767836634245622
2024-05-01 09:55:00-04:00,60.82500076293945,60.900001525878906,60.7599983215332,60.86000061035156,60.86000061035156,9676,60.849998474121094,25.792960121257043,11.076729229252297,5.402796721066038,61.79499816894531,-0.2018733909825778,29.785362112856173,-26.272097060395083,60.2400016784668,-0.1739987407611568,18.01001070013653,-1.992337767759747,0.19191085014278092
2024-05-01 10:00:00-04:00,60.849998474121094,60.849998474121094,60.650001525878906,60.7599983215332,60.7599983215332,7945,60.70000076293945,24.089450096849625,15.144589952390033,10.450993371862715,61.29999923706055,-0.8010339777524651,29.592226461411308,-0.6484247218921783,60.2400016784668,-0.1739987407611568,18.01001070013653,-1.992337767759747,0.19371967357576844
2024-05-01 10:05:00-04:00,60.70000076293945,60.80500030517578,60.58000183105469,60.650001525878906,60.650001525878906,15971,60.6150016784668,22.34156874689537,12.154686543845806,12.792001908496026,61.119998931884766,-0.2936383481501861,34.16453812276959,15.45105660542523,60.2400016784668,-0.1739987407611568,18.01001070013653,-1.992337767759747,0.196847553630301
2024-05-01 10:10:00-04:00,60.6150016784668,60.6150016784668,60.345001220703125,60.39899826049805,60.39899826049805,10823,60.34000015258789,18.960732113930092,6.20961824853938,11.169631581591721,61.060001373291016,-0.09816354653509456,34.16453812276959,15.45105660542523,60.2400016784668,-0.1739987407611568,18.01001070013653,-1.992337767759747,0.20766282878484904
2024-05-01 10:15:00-04:00,60.34000015258789,60.369998931884766,60.2400016784668,60.349998474121094,60.349998474121094,12664,60.349998474121094,18.37612518239622,2.1417575254016437,6.835354105928924,60.900001525878906,-0.2620370845292788,34.16453812276959,15.45105660542523,60.2400016784668,-0.1739987407611568,18.01001070013653,-1.992337767759747,0.20279620410948915
2024-05-01 10:20:00-04:00,60.349998474121094,60.40999984741211,60.310001373291016,60.31999969482422,60.31999969482422,11982,60.349998474121094,18.01001070013653,0.0,2.783791924646989,60.900001525878906,-0.2620370845292788,39.73145253465989,16.2944231585561,60.2400016784668,-0.1739987407611568,18.01001070013653,-1.992337767759747,0.1925164311106496
2024-05-01 10:25:00-04:00,60.349998474121094,60.54999923706055,60.349998474121094,60.54999923706055,60.54999923706055,6932,60.6150016784668,29.592226461411308,17.243888560696142,6.461882028699243,60.869998931884766,-0.04926534194156185,42.80358255982094,7.73223687827941,60.2400016784668,-0.1739987407611568,18.01001070013653,-1.992337767759747,0.19626474222321744
2024-05-01 10:30:00-04:00,60.6150016784668,60.7400016784668,60.560001373291016,60.654998779296875,60.654998779296875,10376,60.68000030517578,34.16453812276959,41.29514752255949,19.51301202775186,61.09000015258789,0.36142800158303356,52.29657734782042,22.178037959164673,60.2400016784668,-0.1739987407611568,18.01001070013653,-1.992337767759747,0.19563851214152067
2024-05-01 10:35:00-04:00,60.68000030517578,60.689998626708984,60.52000045776367,60.560001373291016,60.560001373291016,8845,60.52000045776367,32.13145722115733,70.43341147292045,42.99081585205868,61.09000015258789,0.36142800158303356,52.29657734782042,22.178037959164673,60.2400016784668,-0.1739987407611568,18.01001070013653,-1.992337767759747,0.19307447782189985
2024-05-01 10:40:00-04:00,60.52000045776367,60.525001525878906,60.439998626708984,60.525001525878906,60.525001525878906,4621,60.560001373291016,31.390294470490943,80.79846790599356,64.17567563382448,61.09000015258789,0.36142800158303356,52.29657734782042,22.178037959164673,60.2400016784668,-0.1739987407611568,18.01001070013653,-1.992337767759747,0.18576730469791297
2024-05-01 10:45:00-04:00,60.560001373291016,60.75,60.560001373291016,60.720001220703125,60.720001220703125,8168,60.77000045776367,39.73145253465989,90.08054227746355,80.43747388545917,61.09000015258789,0.36142800158303356,52.29657734782042,22.178037959164673,60.310001373291016,0.11620134939212763,18.01001070013653,-1.992337767759747,0.18969042164023103
2024-05-01 10:50:00-04:00,60.77000045776367,60.869998931884766,60.77000045776367,60.79999923706055,60.79999923706055,7794,60.84000015258789,42.80358255982094,94.27561166043591,88.38487394796432,61.09000015258789,0.36142800158303356,52.29657734782042,22.178037959164673,60.349998474121094,0.06631918408111877,29.592226461411308,64.30987717951204,0.185721150594372
2024-05-01 10:55:00-04:00,60.84000015258789,61.09000015258789,60.81999969482422,61.09000015258789,61.09000015258789,3401,61.09000015258789,52.29657734782042,100.0,94.78538464596647,61.09000015258789,0.36142800158303356,52.29657734782042,22.178037959164673,60.439998626708984,0.14913033117388383,31.390294470490943,6.076149800436078,0.19614912708766918
2024-05-01 11:00:00-04:00,61.09000015258789,61.09000015258789,60.974998474121094,60.974998474121094,60.974998474121094,5419,60.970001220703125,48.8351409637174,96.63479828735699,96.97013664926426,61.09000015258789,0.36142800158303356,52.29657734782042,22.178037959164673,60.439998626708984,0.14913033117388383,31.390294470490943,6.076149800436078,0.18803438222558194
2024-05-01 11:05:00-04:00,60.970001220703125,60.970001220703125,60.83000183105469,60.88999938964844,60.88999938964844,4713,60.79999923706055,46.39107845655173,90.8934837642364,95.84276068386443,61.09000015258789,0.36142800158303356,52.29657734782042,22.178037959164673,60.439998626708984,0.14913033117388383,31.390294470490943,6.076149800436078,0.18373060830966437
2024-05-01 11:10:00-04:00,60.79999923706055,60.810001373291016,60.70000076293945,60.70000076293945,60.70000076293945,6259,60.779998779296875,41.40300722314444,80.3027761005866,89.27701938405998,61.09000015258789,0.36142800158303356,52.29657734782042,22.178037959164673,60.560001373291016,0.19854855941211247,39.73145253465989,26.572411010703362,0.18435741014959636
2024-05-01 11:15:00-04:00,60.779998779296875,60.849998474121094,60.7599983215332,60.77000045776367,60.77000045776367,6856,60.775001525878906,43.80051954013455,75.40812695580951,82.20146227354415,61.09000015258789,0.36142800158303356,52.29657734782042,22.178037959164673,60.70000076293945,0.23117468043879852,41.40300722314444,4.207132087673784,0.1809214402528008
2024-05-01 11:20:00-04:00,60.775001525878906,60.79999923706055,60.7599983215332,60.76499938964844,60.76499938964844,5435,60.775001525878906,43.663067538451294,72.75596005311506,76.1556210365037,61.09000015258789,0.36142800158303356,52.29657734782042,22.178037959164673,60.70000076293945,0.23117468043879852,41.40300722314444,4.207132087673784,0.16682938778025508
2024-05-01 11:25:00-04:00,60.775001525878906,60.939998626708984,60.77000045776367,60.84000015258789,60.84000015258789,13030,60.834999084472656,46.380639372789375,77.59520433673713,75.25309711522054,61.09000015258789,0.36142800158303356,48.8351409637174,-6.6188583644418575,60.689998626708984,-0.016477983698108257,41.40300722314444,4.207132087673784,0.16764637270828425
2024-05-01 11:30:00-04:00,60.834999084472656,60.834999084472656,60.775001525878906,60.81999969482422,60.81999969482422,3815,60.869998931884766,45.74690323162314,76.23916828190032,75.53011089058414,60.970001220703125,-0.19642974559672224,48.222945275828955,-1.2535966433337054,60.689998626708984,-0.016477983698108257,41.40300722314444,4.207132087673784,0.15738159810835425
2024-05-01 11:35:00-04:00,60.869998931884766,60.8849983215332,60.869998931884766,60.8849983215332,60.8849983215332,1286,60.939998626708984,48.222945275828955,78.13758138161442,77.3239846667506,60.939998626708984,-0.04920878037304823,48.36608904553578,0.2968374679067424,60.689998626708984,-0.016477983698108257,41.40300722314444,4.207132087673784,0.14814330096841727
2024-05-01 11:40:00-04:00,60.939998626708984,60.939998626708984,60.8849983215332,60.8849983215332,60.8849983215332,4326,60.88600158691406,48.222945275828955,77.39397643554126,77.25690869968531,60.939998626708984,-0.04920878037304823,49.82657538243825,3.0196494397705984,60.689998626708984,-0.016477983698108257,41.49142956027456,0.2135650114822831,0.13882900138915366
2024-05-01 11:45:00-04:00,60.88600158691406,60.88600158691406,60.709999084472656,60.744998931884766,60.744998931884766,7712,60.71500015258789,43.287898097834,72.64627178564096,76.05927653426552,60.939998626708984,-0.04920878037304823,49.82657538243825,3.0196494397705984,60.689998626708984,-0.016477983698108257,41.49142956027456,0.2135650114822831,0.14254635149437891
2024-05-01 11:50:00-04:00,60.71500015258789,60.75,60.689998626708984,60.689998626708984,60.689998626708984,4992,60.73500061035156,41.49142956027456,50.476953703024584,66.83906730806892,60.939998626708984,-0.04920878037304823,50.54545209307258,1.4427576150210535,60.689998626708984,-0.016477983698108257,41.49142956027456,0.2135650114822831,0.1342918536740426
2024-05-01 11:55:00-04:00,60.73500061035156,60.75,60.70000076293945,60.72999954223633,60.72999954223633,4369,60.720001220703125,43.33334714207083,29.545353198594622,50.889526229086705,60.95000076293945,0.016413089031618356,53.069693895056204,4.994003807376324,60.689998626708984,-0.016477983698108257,41.49142956027456,0.2135650114822831,0.12686280563573987
2024-05-01 12:00:00-04:00,60.720001220703125,60.849998474121094,60.720001220703125,60.845001220703125,60.845001220703125,5822,60.93000030517578,48.36608904553578,31.88200820612817,37.301438369249105,60.994998931884766,0.07382800390820267,55.08939921434077,3.8057602579703547,60.689998626708984,-0.016477983698108257,41.49142956027456,0.2135650114822831,0.12717625041396277
2024-05-01 12:05:00-04:00,60.93000030517578,60.93000030517578,60.84000015258789,60.880001068115234,60.880001068115234,5560,60.900001525878906,49.82657538243825,60.54639461484547,40.65791867318941,60.994998931884766,0.07382800390820267,55.08939921434077,3.8057602579703547,60.689998626708984,-0.016477983698108257,41.49142956027456,0.2135650114822831,0.12345864063135556
2024-05-01 12:10:00-04:00,60.900001525878906,60.900001525878906,60.86000061035156,60.869998931884766,60.869998931884766,1492,60.849998474121094,49.39657326230788,86.27148001501835,59.56662761199731,60.994998931884766,0.07382800390820267,55.08939921434077,3.8057602579703547,60.689998626708984,-0.016477983698108257,41.49142956027456,0.2135650114822831,0.11511286812095438
2024-05-01 12:15:00-04:00,60.849998474121094,60.89500045776367,60.83000183105469,60.89500045776367,60.89500045776367,3330,60.90250015258789,50.54545209307258,98.29841656964197,81.70543039983524,60.994998931884766,0.07382800390820267,55.08939921434077,3.8057602579703547,60.689998626708984,-0.016477983698108257,41.49142956027456,0.2135650114822831,0.11010144397975738
2024-05-01 12:20:00-04:00,60.90250015258789,60.95000076293945,60.88999938964844,60.95000076293945,60.95000076293945,5214,60.959999084472656,53.069693895056204,98.29841656964197,94.28943771810076,60.994998931884766,0.07382800390820267,55.08939921434077,3.8057602579703547,60.689998626708984,-0.016477983698108257,42.16989594399894,1.6351964512063135,0.10509143691088321
2024-05-01 12:25:00-04:00,60.959999084472656,60.994998931884766,60.91999816894531,60.994998931884766,60.994998931884766,4403,60.95000076293945,55.08939921434077,100.0,98.86561104642796,60.994998931884766,0.07382800390820267,55.08939921434077,3.8057602579703547,60.689998626708984,-0.016477983698108257,42.16989594399894,1.6351964512063135,0.1020823695137402
2024-05-01 12:30:00-04:00,60.95000076293945,60.95000076293945,60.89690017700195,60.915000915527344,60.915000915527344,1801,60.900001525878906,50.895811552631265,89.72006417527805,96.00616024830667,60.994998931884766,0.07382800390820267,55.08939921434077,3.8057602579703547,60.689998626708984,-0.016477983698108257,42.16989594399894,1.6351964512063135,0.10168400805064741
2024-05-01 12:35:00-04:00,60.900001525878906,60.900001525878906,60.810001373291016,60.810001373291016,60.810001373291016,3935,60.80500030517578,45.951454523788485,67.31979677501518,85.67995365009773,60.994998931884766,0.07382800390820267,55.08939921434077,3.8057602579703547,60.689998626708984,-0.016477983698108257,42.16989594399894,1.6351964512063135,0.10201556146921549
2024-05-01 12:40:00-04:00,60.80500030517578,60.814998626708984,60.720001220703125,60.720001220703125,60.720001220703125,3886,60.709999084472656,42.16989594399894,35.649619537737934,64.22982682934371,60.994998931884766,0.07382800390820267,55.08939921434077,3.8057602579703547,60.689998626708984,-0.016477983698108257,42.16989594399894,1.6351964512063135,0.1013137459228799
2024-05-01 12:45:00-04:00,60.709999084472656,60.79999923706055,60.689998626708984,60.79999923706055,60.79999923706055,4841,60.779998779296875,46.39283727009123,24.611269948065896,42.526895420272986,60.994998931884766,0.07382800390820267,55.08939921434077,3.8057602579703547,60.689998626708984,-0.016477983698108257,42.16989594399894,1.6351964512063135,0.10218243236574816
2024-05-01 12:50:00-04:00,60.779998779296875,60.79999923706055,60.75,60.79999923706055,60.79999923706055,3457,60.7599983215332,46.39283727009122,25.693251933934768,28.651380473246178,60.994998931884766,0.07382800390820267,55.08939921434077,3.8057602579703547,60.689998626708984,-0.016477983698108257,42.16989594399894,1.6351964512063135,0.09696411283522803
2024-05-01 12:55:00-04:00,60.7599983215332,60.79999923706055,60.75,60.76499938964844,60.76499938964844,3342,60.72999954223633,44.73528371574163,31.981905894799095,27.42880925893323,61.15999984741211,0.2705154822801227,58.85326589886627,6.832288495071649,60.689998626708984,-0.016477983698108257,42.16989594399894,1.6351964512063135,0.09226762525775992
2024-05-01 13:00:00-04:00,60.72999954223633,60.77000045776367,60.70000076293945,60.7599983215332,60.7599983215332,5230,60.72999954223633,44.49067779806184,25.954657469127955,27.876605099287257,61.15999984741211,0.2705154822801227,58.85326589886627,6.832288495071649,60.689998626708984,-0.016477983698108257,42.16989594399894,1.6351964512063135,0.0900408322144058
2024-05-01 13:05:00-04:00,60.72999954223633,60.790000915527344,60.72999954223633,60.75,60.75,3040,60.720001220703125,43.97300903328967,18.59178296470365,25.509448776210217,61.15999984741211,0.2705154822801227,61.17914301075168,3.951993277454151,60.689998626708984,-0.016477983698108257,42.16989594399894,1.6351964512063135,0.08703688632206678
2024-05-01 13:10:00-04:00,60.720001220703125,60.724998474121094,60.709999084472656,60.724998474121094,60.724998474121094,2576,60.77000045776367,42.63704687853895,11.845259016092609,18.79723314997472,61.15999984741211,0.2705154822801227,61.17914301075168,3.951993277454151,60.689998626708984,-0.016477983698108257,42.63704687853895,1.107782990881423,0.08233328924259448
2024-05-01 13:15:00-04:00,60.77000045776367,60.81999969482422,60.709999084472656,60.79999923706055,60.79999923706055,4322,60.904998779296875,47.76402565870695,20.290753635480563,16.909265205425587,61.15999984741211,0.2705154822801227,61.17914301075168,3.951993277454151,60.70000076293945,0.01648069938506626,42.63704687853895,1.107782990881423,0.08510002135349129
2024-05-01 13:20:00-04:00,60.904998779296875,61.15999984741211,60.904998779296875,61.0099983215332,61.0099983215332,11123,60.9900016784668,58.85326589886627,48.97191355429886,27.03597540195732,61.20000076293945,0.06540372077688343,61.63588824588887,0.7465701751607119,60.70000076293945,0.01648069938506626,42.63704687853895,1.107782990881423,0.11259008025329842
2024-05-01 13:25:00-04:00,60.9900016784668,60.9900016784668,60.959999084472656,60.97999954223633,60.97999954223633,3176,61.0,56.99196499480431,77.38108601741472,48.881251069064696,61.20000076293945,0.06540372077688343,63.878521663786756,3.638518859258054,60.70000076293945,0.01648069938506626,42.63704687853895,1.107782990881423,0.10633099593402326
2024-05-01 13:30:00-04:00,61.0,61.07500076293945,61.0,61.07500076293945,61.07500076293945,2771,61.06999969482422,61.17914301075168,96.28112523809187,74.2113749366018,61.20000076293945,0.06540372077688343,63.878521663786756,3.638518859258054,60.709999084472656,0.01647169918868869,42.63704687853895,1.107782990881423,0.10519801841093343
2024-05-01 13:35:00-04:00,61.06999969482422,61.06999969482422,61.029998779296875,61.040000915527344,61.040000915527344,5074,61.040000915527344,58.90385089792357,92.291326475349,88.65117924361851,61.31999969482422,0.1960766836418615,69.51545530258858,8.824458506524023,60.709999084472656,0.01647169918868869,42.63704687853895,1.107782990881423,0.0991784149340979
2024-05-01 13:40:00-04:00,61.040000915527344,61.099998474121094,61.0,61.005001068115234,61.005001068115234,4764,61.119998931884766,56.63551528245859,88.04280215627699,92.20508462323926,61.31999969482422,0.1960766836418615,69.51545530258858,8.824458506524023,60.709999084472656,0.01647169918868869,47.76402565870695,12.024704231447659,0.09926042085279749
2024-05-01 13:45:00-04:00,61.119998931884766,61.20000076293945,61.1150016784668,61.1150016784668,61.1150016784668,4334,61.11000061035156,61.63588824588887,88.04280215627699,89.45897692930096,61.31999969482422,0.1960766836418615,69.51545530258858,8.824458506524023,60.904998779296875,0.3211986456347886,56.63551528245859,18.573580223622653,0.10883434824993961
2024-05-01 13:50:00-04:00,61.11000061035156,61.16999816894531,61.08000183105469,61.16999816894531,61.16999816894531,5183,61.150001525878906,63.878521663786756,92.03260091901986,89.37273507719125,61.4900016784668,0.2772374176266138,70.21141117287128,1.0011527181305635,60.959999084472656,0.09030507557366083,56.63551528245859,18.573580223622653,0.10695054721400817
2024-05-01 13:55:00-04:00,61.150001525878906,61.16999816894531,61.150001525878906,61.16999816894531,61.16999816894531,1889,61.189998626708984,63.878521663786756,100.0,93.3584676917656,61.494998931884766,0.008126936545065569,70.34520570387305,0.19055952410975768,61.0,0.06561830073506765,56.63551528245859,18.573580223622653,0.09825515679924798
2024-05-01 14:00:00-04:00,61.189998626708984,61.31999969482422,61.185001373291016,61.31999969482422,61.31999969482422,6399,61.20000076293945,69.51545530258858,100.0,97.34420030633993,61.494998931884766,0.008126936545065569,70.34520570387305,0.19055952410975768,61.0,0.06561830073506765,56.63551528245859,18.573580223622653,0.10342979370721381
2024-05-01 14:05:00-04:00,61.20000076293945,61.31999969482422,61.18000030517578,61.18000030517578,61.18000030517578,3704,61.25,60.090142195708694,88.3111716063682,96.10372386878937,61.494998931884766,0.008126936545065569,70.34520570387305,0.19055952410975768,61.0,0.06561830073506765,52.66161628252889,-7.016620189841401,0.10708675330133617
2024-05-01 14:10:00-04:00,61.25,61.290000915527344,61.16999816894531,61.28499984741211,61.28499984741211,5059,61.33000183105469,64.02934800125527,81.50756030272595,89.93957730303138,61.494998931884766,0.008126936545065569,70.34520570387305,0.19055952410975768,60.92499923706055,-0.1229520703925461,52.66161628252889,-7.016620189841401,0.10837835262940568
2024-05-01 14:15:00-04:00,61.33000183105469,61.4900016784668,61.31999969482422,61.4900016784668,61.4900016784668,10113,61.459999084472656,70.21141117287128,81.50756030272595,83.77543073727335,61.564998626708984,0.1138298984308533,70.34520570387305,0.19055952410975768,60.92499923706055,-0.1229520703925461,52.66161628252889,-7.016620189841401,0.11804070047193385
2024-05-01 14:20:00-04:00,61.459999084472656,61.494998931884766,61.369998931884766,61.494998931884766,61.494998931884766,6823,61.439998626708984,70.34520570387305,93.19638869635773,85.40383643393652,61.564998626708984,0.1138298984308533,70.34520570387305,0.19055952410975768,60.92499923706055,-0.1229520703925461,52.66161628252889,-7.016620189841401,0.11873663042474047
2024-05-01 14:25:00-04:00,61.439998626708984,61.470001220703125,61.43000030517578,61.45500183105469,61.45500183105469,4571,61.45500183105469,67.72335057728624,93.6252994633842,89.44308282082261,61.73500061035156,0.2761341467306157,70.34520570387305,0.19055952410975768,60.92499923706055,-0.1229520703925461,52.66161628252889,-7.016620189841401,0.11336283005316487
2024-05-01 14:30:00-04:00,61.45500183105469,61.47999954223633,61.08000183105469,61.16999816894531,61.16999816894531,29579,61.15999984741211,52.66161628252889,60.29196613005085,82.37121809659757,61.73500061035156,0.2761341467306157,70.34520570387305,0.19055952410975768,60.92499923706055,-0.1229520703925461,52.66161628252889,-7.016620189841401,0.14202631816601247
2024-05-01 14:35:00-04:00,61.15999984741211,61.290000915527344,60.92499923706055,61.290000915527344,61.290000915527344,20168,61.29999923706055,56.998207933687205,35.13305098718594,63.016772193540305,61.7599983215332,0.04049195907426471,70.34520570387305,0.19055952410975768,60.92499923706055,-0.1229520703925461,52.66161628252889,-7.016620189841401,0.1643238541960909
2024-05-01 14:40:00-04:00,61.29999923706055,61.564998626708984,61.2400016784668,61.51499938964844,61.51499938964844,9894,61.5099983215332,63.7107388613256,29.001868838884025,41.47562865204025,61.7599983215332,0.04049195907426471,70.34520570387305,0.19055952410975768,60.92499923706055,-0.1229520703925461,52.66161628252889,-7.016620189841401,0.18039116360070057
2024-05-01 14:45:00-04:00,61.5099983215332,61.540000915527344,61.494998931884766,61.540000915527344,61.540000915527344,3358,61.65999984741211,64.37618332720722,51.08367354786617,38.406197791312024,61.85499954223633,0.1538232242308885,70.34520570387305,0.19055952410975768,60.92499923706055,-0.1229520703925461,52.66161628252889,-7.016620189841401,0.16685224560488832
2024-05-01 14:50:00-04:00,61.65999984741211,61.73500061035156,61.564998626708984,61.57500076293945,61.57500076293945,5226,61.584999084472656,65.33451381882048,66.79750043090708,48.961014272552404,61.85499954223633,0.1538232242308885,70.05602815809945,-0.4110835171780242,60.92499923706055,-0.1229520703925461,52.66161628252889,-7.016620189841401,0.16966699052682138
2024-05-01 14:55:00-04:00,61.584999084472656,61.595001220703125,61.45000076293945,61.5,61.5,8021,61.529998779296875,61.5155629123293,62.65962265678898,60.18026554518739,61.85499954223633,0.1538232242308885,70.05602815809945,-0.4110835171780242,60.92499923706055,-0.1229520703925461,52.66161628252889,-7.016620189841401,0.16720033725050643
2024-05-01 15:00:00-04:00,61.529998779296875,61.7599983215332,61.529998779296875,61.66999816894531,61.66999816894531,6560,61.68000030517578,66.32091236242337,66.32541129445259,65.26084479404953,61.85499954223633,0.1538232242308885,70.05602815809945,-0.4110835171780242,60.92499923706055,-0.1229520703925461,56.998207933687205,8.234824445745375,0.1764801356787761
2024-05-01 15:05:00-04:00,61.68000030517578,61.7400016784668,61.66999816894531,61.720001220703125,61.720001220703125,4408,61.779998779296875,67.60232962408523,70.6002142416557,66.52841606429908,61.85499954223633,0.1538232242308885,70.05602815809945,-0.4110835171780242,61.2400016784668,0.517033147888223,52.49269721210062,-7.904653295114783,0.16583247306304694
2024-05-01 15:10:00-04:00,61.779998779296875,61.85499954223633,61.744998931884766,61.81999969482422,61.81999969482422,4578,61.779998779296875,70.05602815809945,86.69887883264606,74.54150145625142,61.85499954223633,0.1538232242308885,70.05602815809945,-0.4110835171780242,61.34000015258789,0.16328946992216561,47.995963910166786,-8.566397881527127,0.16274905791006256
2024-05-01 15:15:00-04:00,61.779998779296875,61.78499984741211,61.63999938964844,61.709999084472656,61.709999084472656,5280,61.66999816894531,64.28804424972891,82.86694919389527,80.05534742273232,61.85499954223633,0.1538232242308885,70.05602815809945,-0.4110835171780242,61.314998626708984,-0.04075892699170698,47.995963910166786,-8.566397881527127,0.16447418263663444
2024-05-01 15:20:00-04:00,61.66999816894531,61.75,61.56999969482422,61.720001220703125,61.720001220703125,6511,61.7400016784668,64.57366327256734,77.15795298022257,82.24126033558794,61.85499954223633,0.1538232242308885,70.05602815809945,-0.4110835171780242,61.314998626708984,-0.04075892699170698,47.995963910166786,-8.566397881527127,0.1660267948905491
2024-05-01 15:25:00-04:00,61.7400016784668,61.81999969482422,61.630001068115234,61.630001068115234,61.630001068115234,6480,61.619998931884766,59.92908481496336,58.06879805463409,72.69790007625062,61.85499954223633,0.1538232242308885,70.05602815809945,-0.4110835171780242,61.08000183105469,-0.3832615198851715,38.859719298275735,-19.035443540609375,0.16842397807239265
2024-05-01 15:30:00-04:00,61.619998931884766,61.619998931884766,61.439998626708984,61.46540069580078,61.46540069580078,9649,61.400001525878906,52.49269721210062,36.153134346739144,57.12662846053191,61.85499954223633,0.1538232242308885,70.05602815809945,-0.4110835171780242,60.900001525878906,-0.2946959721344742,35.37440275151692,-8.96896995062305,0.17058182440577838
2024-05-01 15:35:00-04:00,61.400001525878906,61.41999816894531,61.34000015258789,61.349998474121094,61.349998474121094,8172,61.349998474121094,47.995963910166786,13.699082539699384,35.97367164702418,61.85499954223633,0.1538232242308885,70.05602815809945,-0.4110835171780242,60.8849983215332,-0.024635802906060107,35.37440275151692,-8.96896995062305,0.1660636962864896
2024-05-01 15:40:00-04:00,61.349998474121094,61.38999938964844,61.314998626708984,61.38999938964844,61.38999938964844,8163,61.36000061035156,49.60737255772745,2.434880559805648,17.42903248208137,61.81999969482422,-0.05658370005840918,64.57366327256734,-7.825686139613481,60.63999938964844,-0.4023962201508624,34.8249359632933,-1.553289230303843,0.15695740295178595
2024-05-01 15:45:00-04:00,61.36000061035156,61.41999816894531,61.31999969482422,61.36000061035156,61.36000061035156,19124,61.33000183105469,48.39622118251372,3.0396797538733384,6.391214284459438,61.81999969482422,-0.05658370005840918,64.57366327256734,-7.825686139613481,60.630001068115234,-0.016487997417278816,33.92476543480648,-2.5848447487042883,0.15126151006871674
2024-05-01 15:50:00-04:00,61.33000183105469,61.345001220703125,61.08000183105469,61.08000183105469,61.08000183105469,30666,61.06999969482422,38.859719298275735,3.0396797538733384,2.8380800225174228,61.81999969482422,-0.05658370005840918,59.92908481496336,-7.1926823138391285,60.43000030517578,-0.32987095400965066,29.926383722017725,-11.786026112612278,0.16413523699153257
2024-05-01 15:55:00-04:00,61.06999969482422,61.11000061035156,60.900001525878906,60.95000076293945,60.95000076293945,75753,61.310001373291016,35.37440275151692,0.6047991940676605,2.22805290060476,61.619998931884766,-0.32352113220116674,52.49269721210062,-12.40864536113521,60.209999084472656,-0.3640596054808924,26.93495684276952,-9.99595175626691,0.16872162173964494
2024-05-02 09:30:00-04:00,61.310001373291016,61.31999969482422,60.8849983215332,61.23500061035156,61.23500061035156,8088,60.86000061035156,46.66758225991164,10.854142864799005,4.832873937579982,61.41999816894531,-0.3245711885852766,49.60737255772745,-5.496621068478923,60.11000061035156,-0.16608283614287914,25.873865721750654,-3.9394572904381953,0.195349596894782
2024-05-02 09:35:00-04:00,60.86000061035156,60.880001068115234,60.63999938964844,60.720001220703125,60.720001220703125,2973,60.810001373291016,34.8249359632933,10.854142864799005,7.437694974555204,61.41999816894531,-0.3245711885852766,49.60737255772745,-5.496621068478923,59.98500061035156,-0.20795208572743504,24.325879522096592,-5.982817628804343,0.23531475927561632
2024-05-02 09:40:00-04:00,60.810001373291016,60.810001373291016,60.630001068115234,60.66999816894531,60.66999816894531,3507,60.73860168457031,33.92476543480648,10.854142864799005,10.854142864799005,61.41999816894531,-0.3245711885852766,48.39622118251372,-2.4414745485750737,59.869998931884766,-0.1917173915089552,22.51271729786631,-7.4536348113673885,0.2297833138656328
2024-05-02 09:45:00-04:00,60.73860168457031,60.73860168457031,60.43000030517578,60.43000030517578,60.43000030517578,9549,60.47999954223633,29.926383722017725,0.0,7.236095243199318,61.345001220703125,-0.12210509683816119,46.66758225991164,-3.571846892927796,59.869998931884766,-0.1917173915089552,22.51271729786631,-7.4536348113673885,0.23766512041852264
2024-05-02 09:50:00-04:00,60.47999954223633,60.599998474121094,60.209999084472656,60.220001220703125,60.220001220703125,4513,60.16999816894531,26.93495684276952,0.0,3.6180476215996493,61.31999969482422,-0.04075560417540356,46.66758225991164,-3.571846892927796,59.869998931884766,-0.1917173915089552,22.51271729786631,-7.4536348113673885,0.2528985473415141
2024-05-02 09:55:00-04:00,60.16999816894531,60.2400016784668,60.11000061035156,60.13999938964844,60.13999938964844,4543,60.19499969482422,25.873865721750654,0.0,0.0,61.31999969482422,-0.04075560417540356,46.66758225991164,-3.571846892927796,59.869998931884766,-0.1917173915089552,22.51271729786631,-7.4536348113673885,0.24060879941888613
2024-05-02 10:00:00-04:00,60.19499969482422,60.19499969482422,59.98500061035156,60.02000045776367,60.02000045776367,8371,60.0099983215332,24.325879522096592,0.0,0.0,60.880001068115234,-0.7175450569125214,38.032331672518254,-18.503745360751708,59.869998931884766,-0.1917173915089552,22.51271729786631,-7.4536348113673885,0.23754782792426316
2024-05-02 10:05:00-04:00,60.0099983215332,60.165000915527344,59.869998931884766,59.869998931884766,59.869998931884766,8485,59.91999816894531,22.51271729786631,0.0,0.0,60.810001373291016,-0.11497978580174464,39.234102460203964,3.1598661844708738,59.869998931884766,-0.1917173915089552,22.51271729786631,-7.4536348113673885,0.24329324349609466
2024-05-02 10:10:00-04:00,59.91999816894531,60.27000045776367,59.91999816894531,60.26499938964844,60.26499938964844,5722,60.27000045776367,36.033640620911264,16.634182637827273,5.544727545942405,60.73860168457031,-0.11741438432537729,42.76818692763597,9.007685268234978,59.869998931884766,-0.1917173915089552,22.51271729786631,-7.4536348113673885,0.25896407173437586
2024-05-02 10:15:00-04:00,60.27000045776367,60.33000183105469,60.20000076293945,60.20000076293945,60.20000076293945,4610,60.29999923706055,34.95283018151653,31.938692899277733,16.190958512368315,60.72999954223633,-0.014162562349817174,42.76818692763597,9.007685268234978,59.869998931884766,-0.1917173915089552,22.51271729786631,-7.4536348113673885,0.24606777137246172
2024-05-02 10:20:00-04:00,60.29999923706055,60.310001373291016,60.20000076293945,60.29999923706055,60.29999923706055,5677,60.30500030517578,38.032331672518254,51.92518628365717,33.49935394025404,60.72999954223633,-0.014162562349817174,44.94118322964072,5.080870754894217,59.869998931884766,-0.1917173915089552,22.51271729786631,-7.4536348113673885,0.2324610552703718
2024-05-02 10:25:00-04:00,60.30500030517578,60.36000061035156,60.2599983215332,60.2599983215332,60.2599983215332,3682,60.329898834228516,37.27218378320935,55.658835010284,46.50757139773962,60.72999954223633,-0.014162562349817174,44.94118322964072,5.080870754894217,59.869998931884766,-0.1917173915089552,22.51271729786631,-7.4536348113673885,0.21921517862517054
2024-05-02 10:30:00-04:00,60.329898834228516,60.36000061035156,60.25,60.31999969482422,60.31999969482422,7718,60.33000183105469,39.234102460203964,63.429572997460426,57.00453143046718,60.72999954223633,-0.014162562349817174,44.94118322964072,5.080870754894217,59.869998931884766,-0.1917173915089552,22.51271729786631,-7.4536348113673885,0.20829372179780972
2024-05-02 10:35:00-04:00,60.33000183105469,60.45000076293945,60.31999969482422,60.43000030517578,60.43000030517578,6053,60.43000030517578,42.76818692763597,71.39530878319805,63.49457226364748,60.7400016784668,0.016469844073541434,49.4229078892592,9.972422480996407,59.91999816894531,0.08351300810516459,34.95283018151653,55.25815795159148,0.2004644564295522
2024-05-02 10:40:00-04:00,60.43000030517578,60.72999954223633,60.349998474121094,60.349998474121094,60.349998474121094,13056,60.43000030517578,40.904891292295034,81.29448567314245,72.03978915126696,60.7400016784668,0.016469844073541434,50.26393004485287,1.7016848896834027,60.20000076293945,0.4672940630015862,34.95283018151653,55.25815795159148,0.21841811759812044
2024-05-02 10:45:00-04:00,60.43000030517578,60.5099983215332,60.41999816894531,60.474998474121094,60.474998474121094,8724,60.47999954223633,44.94118322964072,91.55257075784891,81.41412173806312,60.74850082397461,0.013992665908709663,53.328579431457435,6.0971145389344485,60.20000076293945,0.4672940630015862,37.27218378320935,6.635667525771115,0.21257629057951935
2024-05-02 10:50:00-04:00,60.47999954223633,60.47999954223633,60.290000915527344,60.290000915527344,60.290000915527344,5332,60.27000045776367,40.52914612636066,90.37647640869088,87.74117761322738,60.75,0.0024678403665213907,53.328579431457435,6.0971145389344485,60.25,0.08305521001143838,37.27218378320935,6.635667525771115,0.21031852419246588
2024-05-02 10:55:00-04:00,60.27000045776367,60.36000061035156,60.27000045776367,60.349998474121094,60.349998474121094,3709,60.380001068115234,42.50070363007258,89.81574468253419,90.58159728302464,60.75,0.0024678403665213907,53.328579431457435,6.0971145389344485,60.25,0.08305521001143838,39.234102460203964,5.263761008493507,0.19828668703200836
2024-05-02 11:00:00-04:00,60.380001068115234,60.7400016784668,60.380001068115234,60.58000183105469,60.58000183105469,14367,60.54999923706055,49.4229078892592,89.81574468253419,90.00265525791973,60.75,0.0024678403665213907,53.328579431457435,6.0971145389344485,60.27000045776367,0.03319578052061722,40.52914612636066,3.300811245702093,0.21745833876337786
2024-05-02 11:05:00-04:00,60.54999923706055,60.61000061035156,60.4900016784668,60.61000061035156,60.61000061035156,5375,60.560001373291016,50.26393004485287,96.37294319490849,92.00147751999226,60.75,0.0024678403665213907,53.328579431457435,6.0971145389344485,60.27000045776367,0.03319578052061722,40.52914612636066,3.300811245702093,0.2077123980755166
2024-05-02 11:10:00-04:00,60.560001373291016,60.74850082397461,60.560001373291016,60.720001220703125,60.720001220703125,4251,60.75,53.328579431457435,100.0,95.39622929248087,60.75,0.0024678403665213907,53.328579431457435,6.0971145389344485,60.255001068115234,-0.024886991097584032,40.52914612636066,3.300811245702093,0.20579110333632436
2024-05-02 11:15:00-04:00,60.75,60.75,60.525001525878906,60.525001525878906,60.525001525878906,3496,60.630001068115234,47.7156024359904,89.81814397675039,95.3970290572196,60.75,0.0024678403665213907,53.328579431457435,6.0971145389344485,60.255001068115234,-0.024886991097584032,40.52914612636066,3.300811245702093,0.20771184041480134
2024-05-02 11:20:00-04:00,60.630001068115234,60.665000915527344,60.584999084472656,60.595001220703125,60.595001220703125,2813,60.54999923706055,49.75983907243025,83.34450252956124,91.05421550210384,60.75,0.0024678403665213907,53.328579431457435,6.0971145389344485,60.255001068115234,-0.024886991097584032,42.48032050150646,4.814249895772505,0.20094059533816494
2024-05-02 11:25:00-04:00,60.54999923706055,60.56999969482422,60.400001525878906,60.400001525878906,60.400001525878906,5460,60.380001068115234,44.53596828080713,65.09090161091491,79.41784937240882,60.75,0.0024678403665213907,53.328579431457435,6.0971145389344485,60.255001068115234,-0.024886991097584032,42.48032050150646,4.814249895772505,0.20034650528677034
2024-05-02 11:30:00-04:00,60.380001068115234,60.400001525878906,60.334999084472656,60.3650016784668,60.3650016784668,3215,60.334999084472656,43.65020704505027,55.18030226947378,67.87190213664995,60.75,0.0024678403665213907,53.328579431457435,6.0971145389344485,60.255001068115234,-0.024886991097584032,42.48032050150646,4.814249895772505,0.1868120988987183
2024-05-02 11:35:00-04:00,60.334999084472656,60.369998931884766,60.255001068115234,60.31999969482422,60.31999969482422,5481,60.34000015258789,42.48032050150646,35.99789193582083,52.08969860540315,60.75,0.0024678403665213907,53.328579431457435,6.0971145389344485,60.255001068115234,-0.024886991097584032,42.48032050150646,4.814249895772505,0.1796306753857996
2024-05-02 11:40:00-04:00,60.34000015258789,60.459999084472656,60.310001373291016,60.459999084472656,60.459999084472656,4637,60.45000076293945,47.21956956992996,38.341908641092,43.173367615462176,60.75,0.0024678403665213907,49.75983907243025,-6.6919846676471835,60.255001068115234,-0.024886991097584032,42.48032050150646,4.814249895772505,0.1766673789653837
2024-05-02 11:45:00-04:00,60.45000076293945,60.459999084472656,60.29999923706055,60.31999969482422,60.31999969482422,3994,60.29499816894531,43.37118025630631,32.50248890423412,35.61409649371563,60.665000915527344,-0.13991618843235595,49.75983907243025,-6.6919846676471835,60.255001068115234,-0.024886991097584032,42.48032050150646,4.814249895772505,0.17500062581005627
2024-05-02 11:50:00-04:00,60.29499816894531,60.44499969482422,60.290000915527344,60.38999938964844,60.38999938964844,5193,60.439998626708984,45.75183657538219,38.42656590288501,36.42365448273702,60.56999969482422,-0.1565997185682218,48.89209231062069,-1.7438697109660546,60.255001068115234,-0.024886991097584032,42.48032050150646,4.814249895772505,0.17300044115873814
2024-05-02 11:55:00-04:00,60.439998626708984,60.5,60.439998626708984,60.48500061035156,60.48500061035156,3040,60.43000030517578,48.89209231062069,42.782286714432516,37.90378050718386,60.52000045776367,-0.08254785754080063,48.89209231062069,-1.7438697109660546,60.20000076293945,-0.09127923691115064,40.93705932016207,-3.6328849762083673,0.16670045807802056
2024-05-02 12:00:00-04:00,60.43000030517578,60.47999954223633,60.43000030517578,60.459999084472656,60.459999084472656,4134,60.40999984741211,48.102917154153516,52.657323230032596,44.62205861578335,60.52000045776367,-0.08254785754080063,48.89209231062069,-1.7438697109660546,60.20000076293945,-0.09127923691115064,40.93705932016207,-3.6328849762083673,0.15553044278779662
2024-05-02 12:05:00-04:00,60.40999984741211,60.40999984741211,60.33000183105469,60.34000015258789,60.34000015258789,3359,60.36000061035156,44.398667359558445,44.950449285250116,46.79668640990505,60.52000045776367,-0.08254785754080063,48.89209231062069,-1.7438697109660546,60.20000076293945,-0.09127923691115064,40.93705932016207,-3.6328849762083673,0.15297712385081383
2024-05-02 12:10:00-04:00,60.36000061035156,60.45000076293945,60.36000061035156,60.369998931884766,60.369998931884766,8032,60.400001525878906,45.527977524245216,32.535483656287305,43.38108539052331,60.52000045776367,-0.08254785754080063,48.89209231062069,-1.7438697109660546,60.20000076293945,-0.09127923691115064,40.93705932016207,-3.6328849762083673,0.1486794725008887
2024-05-02 12:15:00-04:00,60.400001525878906,60.5099983215332,60.38999938964844,60.45000076293945,60.45000076293945,8342,60.47999954223633,48.53032197012891,33.848766026405315,37.111566322647555,60.52000045776367,-0.08254785754080063,51.96439660180282,6.283847031260595,60.20000076293945,-0.09127923691115064,40.93705932016207,-3.6328849762083673,0.14781146421564356
2024-05-02 12:20:00-04:00,60.47999954223633,60.52000045776367,60.20000076293945,60.20000076293945,60.20000076293945,8308,60.20500183105469,40.93705932016207,27.954281420045675,31.446177034246073,60.52000045776367,-0.08254785754080063,51.96439660180282,6.283847031260595,60.20000076293945,-0.09127923691115064,40.93705932016207,-3.6328849762083673,0.1650302872765011
2024-05-02 12:25:00-04:00,60.20500183105469,60.28499984741211,60.20500183105469,60.2599983215332,60.2599983215332,4927,60.2599983215332,43.23263816883468,27.262700742971507,29.688582729807475,60.52000045776367,-0.08254785754080063,51.96439660180282,6.283847031260595,60.20000076293945,-0.09127923691115064,40.93705932016207,-3.6328849762083673,0.1570271669961166
2024-05-02 12:30:00-04:00,60.2599983215332,60.380001068115234,60.25,60.369998931884766,60.369998931884766,5196,60.31010055541992,47.2785005091046,35.24495333524927,30.153978499422127,60.52000045776367,-0.08254785754080063,51.96439660180282,6.283847031260595,60.20000076293945,-0.09127923691115064,40.93705932016207,-3.6328849762083673,0.15432455710802837
2024-05-02 12:35:00-04:00,60.31010055541992,60.34000015258789,60.279998779296875,60.33000183105469,60.33000183105469,4202,60.400001525878906,45.99487041244893,56.43829134886184,39.64864847569418,60.52000045776367,-0.08254785754080063,51.96439660180282,6.283847031260595,60.20000076293945,-0.09127923691115064,40.93705932016207,-3.6328849762083673,0.1478921166560146
2024-05-02 12:40:00-04:00,60.400001525878906,60.52000045776367,60.400001525878906,60.5,60.5,7188,60.45000076293945,51.96439660180282,81.09870105672647,57.5939819136125,60.52000045776367,-0.08254785754080063,51.96439660180282,6.283847031260595,60.20000076293945,-0.09127923691115064,40.93705932016207,-3.6328849762083673,0.15210276766131156
2024-05-02 12:45:00-04:00,60.45000076293945,60.45000076293945,60.34000015258789,60.34000015258789,60.34000015258789,4913,60.36000061035156,46.72898094203553,72.03443855597811,69.85714365385546,60.52000045776367,-0.08254785754080063,51.96439660180282,6.283847031260595,60.20000076293945,-0.09127923691115064,40.93705932016207,-3.6328849762083673,0.15289247563639136
2024-05-02 12:50:00-04:00,60.36000061035156,60.38999938964844,60.314998626708984,60.33000183105469,60.33000183105469,6343,60.334999084472656,46.41428642887044,67.39761208218312,73.51025056496253,60.52000045776367,-0.08254785754080063,51.96439660180282,6.283847031260595,60.18880081176758,-0.01860456981716511,41.646896749607606,1.7339726918194405,0.14510330436669755
2024-05-02 12:55:00-04:00,60.334999084472656,60.334999084472656,60.25,60.255001068115234,60.255001068115234,2178,60.279998779296875,44.01947676286308,43.38178173854214,60.93794412556776,60.52000045776367,-0.08254785754080063,51.96439660180282,6.283847031260595,60.0,-0.3136809659292389,37.23656774446001,-10.58981424633793,0.13909288237729342
2024-05-02 13:00:00-04:00,60.279998779296875,60.310001373291016,60.27000045776367,60.27000045776367,60.27000045776367,5098,60.25,44.63472359487014,37.05127996318885,49.27689126130468,60.52000045776367,-0.08254785754080063,51.96439660180282,6.283847031260595,60.0,-0.3136809659292389,37.23656774446001,-10.58981424633793,0.1306836246571422
2024-05-02 13:05:00-04:00,60.25,60.310001373291016,60.2400016784668,60.2599983215332,60.2599983215332,5104,60.25,44.28520127265193,30.61550100815138,37.01618756996076,60.52000045776367,-0.08254785754080063,51.96439660180282,6.283847031260595,60.0,-0.3136809659292389,37.23656774446001,-10.58981424633793,0.12461523167384984
2024-05-02 13:10:00-04:00,60.25,60.31999969482422,60.2400016784668,60.2400016784668,60.2400016784668,6527,60.25,43.550943340950994,29.199222505778494,32.28866782570622,60.45000076293945,-0.11566373809443518,46.72898094203553,-10.075005199975047,59.97999954223633,-0.03333409627278646,37.23656774446001,-10.58981424633793,0.12015351014220706
2024-05-02 13:15:00-04:00,60.25,60.2599983215332,60.18880081176758,60.18880081176758,60.18880081176758,9734,60.150001525878906,41.646896749607606,20.16764710078651,26.66079020490544,60.38999938964844,-0.09925785365382679,46.41428642887044,-0.6734461287641735,59.97999954223633,-0.03333409627278646,37.23656774446001,-10.58981424633793,0.11525791010454885
2024-05-02 13:20:00-04:00,60.150001525878906,60.150001525878906,60.0,60.060001373291016,60.060001373291016,9800,60.029998779296875,37.23656774446001,10.046914516006401,19.804594707523776,60.334999084472656,-0.09107518750067906,46.763269160798,0.7518864530264184,59.97999954223633,-0.03333409627278646,37.23656774446001,-10.58981424633793,0.12261220027085178
2024-05-02 13:25:00-04:00,60.029998779296875,60.13999938964844,60.02000045776367,60.125,60.125,6567,60.11000061035156,40.65217586992338,9.876198393831926,13.363586670208255,60.32500076293945,-0.01657134612566227,46.763269160798,0.7518864530264184,59.97999954223633,-0.03333409627278646,37.23656774446001,-10.58981424633793,0.12235087343224316
2024-05-02 13:30:00-04:00,60.11000061035156,60.119998931884766,60.01499938964844,60.040000915527344,60.040000915527344,7067,60.060001373291016,37.75837032311413,8.911498411739567,9.611537107192609,60.32500076293945,-0.01657134612566227,48.633752440254426,3.9998984524043286,59.97999954223633,-0.03333409627278646,37.23656774446001,-10.58981424633793,0.12111584712417509
2024-05-02 13:35:00-04:00,60.060001373291016,60.06999969482422,59.97999954223633,60.029998779296875,60.029998779296875,6469,60.04999923706055,37.42080188097449,9.328473509922768,9.372056771831396,60.36000061035156,0.05801880972973226,53.74912252310517,10.518148047767594,59.97999954223633,-0.03333409627278646,37.23656774446001,-10.58981424633793,0.11800427767054664
2024-05-02 13:40:00-04:00,60.04999923706055,60.064998626708984,59.9900016784668,60.040000915527344,60.040000915527344,6099,60.040000915527344,38.017564917992146,3.3655874718635848,7.201853131175283,60.369998931884766,0.016564482160539348,53.984175886784314,0.43731572283454484,59.97999954223633,-0.03333409627278646,37.23656774446001,-10.58981424633793,0.11370354472771071
2024-05-02 13:45:00-04:00,60.040000915527344,60.2400016784668,60.029998779296875,60.20000076293945,60.20000076293945,10531,60.20000076293945,46.763269160798,23.746276132555806,12.146779038114028,60.369998931884766,0.016564482160539348,53.984175886784314,0.43731572283454484,59.97999954223633,-0.03333409627278646,37.23656774446001,-10.58981424633793,0.12333348017193183
2024-05-02 13:50:00-04:00,60.20000076293945,60.32500076293945,60.189998626708984,60.19499969482422,60.19499969482422,7498,60.20000076293945,46.54221378866188,55.88917542504396,27.66701300982109,60.369998931884766,0.016564482160539348,53.984175886784314,0.43731572283454484,59.97999954223633,-0.03333409627278646,37.42080188097449,0.49476669756139435,0.12450034577778553
2024-05-02 13:55:00-04:00,60.20000076293945,60.25,60.18000030517578,60.23500061035156,60.23500061035156,6502,60.27000045776367,48.633752440254426,87.45488643129148,55.696779329630395,60.5099983215332,0.23190225629521422,59.48272198526598,10.18547751847361,59.97999954223633,-0.03333409627278646,37.42080188097449,0.49476669756139435,0.11905028068242884
2024-05-02 14:00:00-04:00,60.27000045776367,60.36000061035156,60.244998931884766,60.34000015258789,60.34000015258789,3853,60.31999969482422,53.74912252310517,99.226541057338,80.85686763789113,60.58000183105469,0.11568916123498353,59.48272198526598,10.18547751847361,59.97999954223633,-0.03333409627278646,37.42080188097449,0.49476669756139435,0.11964525261418597
2024-05-02 14:05:00-04:00,60.31999969482422,60.369998931884766,60.29999923706055,60.345001220703125,60.345001220703125,6237,60.345001220703125,53.984175886784314,100.0,95.56047582954314,60.58000183105469,0.11568916123498353,59.48272198526598,10.18547751847361,59.9900016784668,0.016675785773265155,38.017564917992146,1.5947361013689716,0.11468069683518925
2024-05-02 14:10:00-04:00,60.345001220703125,60.345001220703125,60.27009963989258,60.31999969482422,60.31999969482422,5802,60.29999923706055,52.54644287598629,97.13843115470596,98.7883240706813,60.58000183105469,0.11568916123498353,59.48272198526598,10.18547751847361,60.029998779296875,0.06667294500915966,46.54221378866188,22.422921849566887,0.110702785232725
2024-05-02 14:15:00-04:00,60.29999923706055,60.34000015258789,60.279998779296875,60.34000015258789,60.34000015258789,6151,60.345001220703125,53.610798524644245,96.39528550873861,97.84457222114816,60.58000183105469,0.11568916123498353,59.48272198526598,10.18547751847361,60.18000030517578,0.2498776094105781,44.46887331458303,-4.454752589753132,0.10563264403855407
2024-05-02 14:20:00-04:00,60.345001220703125,60.5099983215332,60.31010055541992,60.459999084472656,60.459999084472656,9979,60.4900016784668,59.48272198526598,96.39528550873861,96.64300072406104,60.58000183105469,0.11568916123498353,59.48272198526598,10.18547751847361,60.130001068115234,-0.08308281290627825,44.46887331458303,-4.454752589753132,0.1150591562460268
2024-05-02 14:25:00-04:00,60.4900016784668,60.58000183105469,60.349998474121094,60.44499969482422,60.44499969482422,50179,60.44499969482422,58.48617540812554,97.76364258904886,96.85140453550866,60.58000183105469,0.11568916123498353,59.48272198526598,10.18547751847361,60.130001068115234,-0.08308281290627825,44.46887331458303,-4.454752589753132,0.1265535763147835
2024-05-02 14:30:00-04:00,60.44499969482422,60.52000045776367,60.29520034790039,60.36249923706055,60.36249923706055,7440,60.36000061035156,53.206149510008494,89.02352107061895,94.39414972280213,60.58000183105469,0.11568916123498353,59.48272198526598,10.18547751847361,60.130001068115234,-0.08308281290627825,44.46887331458303,-4.454752589753132,0.13637822966963328
2024-05-02 14:35:00-04:00,60.36000061035156,60.36000061035156,60.290000915527344,60.32500076293945,60.32500076293945,3951,60.29999923706055,50.95446769565667,76.1381900729929,87.64178457755355,60.58000183105469,0.11568916123498353,59.48272198526598,10.18547751847361,60.130001068115234,-0.08308281290627825,44.39633149384915,-0.16312943262741206,0.12999023885599026
2024-05-02 14:40:00-04:00,60.29999923706055,60.310001373291016,60.18360137939453,60.20500183105469,60.20500183105469,5349,60.13999938964844,44.46887331458303,54.9469926845436,73.36956794271846,60.58000183105469,0.11568916123498353,59.48272198526598,10.18547751847361,60.130001068115234,-0.08308281290627825,44.39633149384915,-0.16312943262741206,0.13113115332488343
2024-05-02 14:45:00-04:00,60.13999938964844,60.28499984741211,60.130001068115234,60.2599983215332,60.2599983215332,10757,60.279998779296875,47.75123065654665,46.21237727152835,59.099186676354925,60.58000183105469,0.11568916123498353,59.48272198526598,10.18547751847361,60.130001068115234,-0.08308281290627825,43.09344416571964,-2.9346733937014933,0.13351791592208256
2024-05-02 14:50:00-04:00,60.279998779296875,60.38999938964844,60.279998779296875,60.36000061035156,60.36000061035156,9107,60.349998474121094,53.17148210837481,45.08566730767659,48.74834575458282,60.58000183105469,0.11568916123498353,58.48617540812554,-1.6753546977680167,60.130001068115234,-0.08308281290627825,43.09344416571964,-2.9346733937014933,0.13316623114139775
2024-05-02 14:55:00-04:00,60.349998474121094,60.369998931884766,60.27000045776367,60.279998779296875,60.279998779296875,8131,60.19499969482422,48.809144854737454,44.07289446901439,45.12364634940642,60.52000045776367,-0.09904485222424929,53.206149510008494,-9.027818730276364,60.099998474121094,-0.04989621397171389,41.41015533239056,-3.9061366895062832,0.12984945543936735
2024-05-02 15:00:00-04:00,60.19499969482422,60.220001220703125,60.189998626708984,60.189998626708984,60.189998626708984,5291,60.18000030517578,44.39633149384915,28.95744371309357,39.37200182992816,60.38999938964844,-0.21480678640437367,53.17148210837481,-0.06515675716612836,60.04999923706055,-0.08319340820295765,41.41015533239056,-3.9061366895062832,0.1258645251542197
2024-05-02 15:05:00-04:00,60.18000030517578,60.22999954223633,60.18000030517578,60.22999954223633,60.22999954223633,6195,60.2400016784668,46.7027113981986,14.732090637567516,29.254142939891807,60.38999938964844,-0.21480678640437367,53.17148210837481,-0.06515675716612836,59.989898681640625,-0.10008419014738326,36.96877530709365,-10.725340172348764,0.1182779963448524
2024-05-02 15:10:00-04:00,60.2400016784668,60.2400016784668,60.150001525878906,60.154998779296875,60.154998779296875,10930,60.13999938964844,43.09344416571964,5.0959392963294095,16.26182454899681,60.38999938964844,-0.21480678640437367,53.17148210837481,-0.06515675716612836,59.81999969482422,-0.2832126583811056,33.43200726147435,-9.56690616943608,0.11545021196915624
2024-05-02 15:15:00-04:00,60.13999938964844,60.20000076293945,60.13999938964844,60.189998626708984,60.189998626708984,7094,60.150001525878906,45.220977508297786,9.423023068218344,9.750351000705066,60.38999938964844,-0.21480678640437367,53.17148210837481,-0.06515675716612836,59.77000045776367,-0.08358281062457601,29.162479622531194,-12.770778630044084,0.10990532810134217
2024-05-02 15:20:00-04:00,60.150001525878906,60.18000030517578,60.099998474121094,60.11000061035156,60.11000061035156,15125,60.060001373291016,41.41015533239056,4.327083771888904,6.282015378812196,60.369998931884766,-0.03311882425205023,48.809144854737454,-8.204279964861584,59.75,-0.033462368429803095,29.162479622531194,-12.770778630044084,0.107914810549997
2024-05-02 15:25:00-04:00,60.060001373291016,60.154998779296875,60.04999923706055,60.130001068115234,60.130001068115234,10375,60.119998931884766,42.71003366820631,6.724600333468776,6.824902391191984,60.2400016784668,-0.21533419863837358,46.7027113981986,-4.315653271139824,59.75,-0.033462368429803095,29.162479622531194,-12.770778630044084,0.10762328371863013
2024-05-02 15:30:00-04:00,60.119998931884766,60.119998931884766,59.989898681640625,60.0,60.0,16664,59.97999954223633,36.96877530709365,2.397516561579842,4.48306688897915,60.2400016784668,-0.21533419863837358,46.7027113981986,-4.315653271139824,59.68000030517578,-0.11715430096103556,29.162479622531194,-12.770778630044084,0.11087119399422804
2024-05-02 15:35:00-04:00,59.97999954223633,59.9900016784668,59.81999969482422,59.904998779296875,59.904998779296875,22101,59.93000030517578,33.43200726147435,2.397516561579842,3.839877818876129,61.18000030517578,1.56042264362186,68.99111442584594,47.72400222678941,59.68000030517578,-0.11715430096103556,29.162479622531194,-12.770778630044084,0.11778410511238335
2024-05-02 15:40:00-04:00,59.93000030517578,59.97999954223633,59.77000045776367,59.77000045776367,59.77000045776367,16310,59.75,29.162479622531194,0.0,1.5983443743865378,61.18000030517578,1.56042264362186,68.99111442584594,47.72400222678941,59.68000030517578,-0.11715430096103556,29.162479622531194,-12.770778630044084,0.12700560304841063
2024-05-02 15:45:00-04:00,59.75,60.029998779296875,59.75,59.97999954223633,59.97999954223633,24093,59.970001220703125,41.64658367635673,17.33253191337498,6.576682824984917,61.224998474121094,0.0735504555751133,68.99111442584594,47.72400222678941,59.68000030517578,-0.11715430096103556,29.162479622531194,-12.770778630044084,0.14230492067325706
2024-05-02 15:50:00-04:00,59.970001220703125,60.0099983215332,59.900001525878906,59.900001525878906,59.900001525878906,34047,59.88999938964844,38.838542612359454,30.766469170220674,16.03300036119853,61.224998474121094,0.0735504555751133,68.99111442584594,47.72400222678941,59.68000030517578,-0.11715430096103556,29.162479622531194,-12.770778630044084,0.13907410817136104
2024-05-02 15:55:00-04:00,59.88999938964844,59.88999938964844,59.68000030517578,59.744998931884766,59.744998931884766,86804,60.72999954223633,34.048237849273825,37.54970007096774,28.54956705152111,61.224998474121094,0.0735504555751133,68.99111442584594,47.72400222678941,59.68000030517578,-0.11715430096103556,29.162479622531194,-12.770778630044084,0.14716681942453744
2024-05-03 09:30:00-04:00,60.72999954223633,61.18000030517578,60.029998779296875,61.060001373291016,61.060001373291016,24655,60.95500183105469,68.99111442584594,53.55050149092606,40.622223577371464,61.224998474121094,0.0735504555751133,68.99111442584594,47.72400222678941,59.68000030517578,-0.11715430096103556,29.162479622531194,-12.770778630044084,0.2759502748111853
2024-05-03 09:35:00-04:00,60.95500183105469,61.04990005493164,60.595001220703125,60.97050094604492,60.97050094604492,7885,60.86000061035156,66.41204898117921,71.29142920463663,54.130543588843445,61.224998474121094,0.0735504555751133,68.99111442584594,47.72400222678941,59.68000030517578,-0.11715430096103556,29.162479622531194,-12.770778630044084,0.2948552625888558
2024-05-03 09:40:00-04:00,60.86000061035156,61.224998474121094,60.83000183105469,61.13999938964844,61.13999938964844,11909,61.0,68.79145223929498,97.67443059920761,74.17212043159007,61.224998474121094,0.0735504555751133,68.99111442584594,47.72400222678941,59.68000030517578,-0.11715430096103556,34.048237849273825,16.753576136124757,0.30486940063661083
2024-05-03 09:45:00-04:00,61.0,61.099998474121094,60.621299743652344,60.720001220703125,60.720001220703125,7474,60.79999923706055,57.85467503768511,88.35413508556039,85.77333162980153,61.224998474121094,0.0735504555751133,68.99111442584594,47.72400222678941,59.68000030517578,-0.11715430096103556,34.048237849273825,16.753576136124757,0.32625242517255915
2024-05-03 09:50:00-04:00,60.79999923706055,60.869998931884766,60.58359909057617,60.625,60.625,10929,60.625,55.697635441127815,79.38704093921548,88.47186887466114,61.224998474121094,0.0735504555751133,68.99111442584594,47.72400222678941,59.68000030517578,-0.11715430096103556,34.048237849273825,16.753576136124757,0.32226716678616263
2024-05-03 09:55:00-04:00,60.625,60.625,60.29999923706055,60.404998779296875,60.404998779296875,6275,60.529998779296875,50.95932097923133,64.46299500415405,77.40139034297663,61.224998474121094,0.0735504555751133,68.99111442584594,47.72400222678941,59.77000045776367,0.150804544449852,40.97816634289027,20.35326622274593,0.32254052640149167
2024-05-03 10:00:00-04:00,60.529998779296875,60.529998779296875,59.820098876953125,59.820098876953125,59.820098876953125,6893,60.03929901123047,40.97816634289027,50.33872756178426,64.72958783505123,61.224998474121094,0.0735504555751133,68.79145223929498,-0.2894027560107851,59.636199951171875,-0.22385896865827645,40.97816634289027,20.35326622274593,0.3612764639957175
2024-05-03 10:05:00-04:00,60.03929901123047,60.13999938964844,59.89500045776367,60.0099983215332,60.0099983215332,4715,59.97999954223633,44.76110226091927,41.185737312251234,51.99581995939649,61.224998474121094,0.0735504555751133,68.79145223929498,-0.2894027560107851,59.420101165771484,-0.3623617627838881,36.814879297025314,-10.159769012181014,0.35713886886567703
2024-05-03 10:10:00-04:00,59.97999954223633,59.9900016784668,59.77000045776367,59.77000045776367,59.77000045776367,5788,59.880001068115234,41.16971291292476,32.99263025527203,41.50569837643582,61.099998474121094,-0.20416497038025352,57.85467503768511,-15.898453725857783,59.420101165771484,-0.3623617627838881,36.814879297025314,-10.159769012181014,0.34542476835606245
2024-05-03 10:15:00-04:00,59.880001068115234,60.008201599121094,59.880001068115234,59.88999938964844,59.88999938964844,5505,59.88999938964844,43.60611207854841,35.19200745263744,36.45679167338688,60.869998931884766,-0.3764313387564886,55.697635441127815,-3.7283756155440413,59.420101165771484,-0.3623617627838881,36.814879297025314,-10.159769012181014,0.33470240565619835
2024-05-03 10:20:00-04:00,59.88999938964844,59.96500015258789,59.779998779296875,59.869998931884766,59.869998931884766,3323,59.80189895629883,43.28435679924677,30.947910537362866,33.04418274842409,60.625,-0.4024953773351077,50.95932097923133,-8.507209371401173,59.38999938964844,-0.05065924751468916,36.814879297025314,-10.159769012181014,0.3197323024196801
2024-05-03 10:25:00-04:00,59.80189895629883,59.80189895629883,59.636199951171875,59.7400016784668,59.7400016784668,4555,59.420101165771484,41.158580190664985,27.68165607852347,31.27385802284124,60.529998779296875,-0.15670304445876287,44.76110226091927,-12.163071640687999,59.38999938964844,-0.05065924751468916,36.814879297025314,-10.159769012181014,0.31113897024900117
2024-05-03 10:35:00-04:00,59.420101165771484,59.47999954223633,59.420101165771484,59.45000076293945,59.45000076293945,22499,59.45500183105469,36.814879297025314,18.232712559913843,25.620759725266705,60.13999938964844,-0.6443076119503067,44.76110226091927,-12.163071640687999,59.38999938964844,-0.05065924751468916,36.814879297025314,-10.159769012181014,0.31201512449363233
2024-05-03 10:40:00-04:00,59.45500183105469,59.619998931884766,59.45500183105469,59.6150016784668,59.6150016784668,4797,59.56999969482422,40.65259608242663,13.397754846524471,19.77070782832057,60.008201599121094,-0.2191516326320904,43.60611207854841,-2.5803434768836704,59.38999938964844,-0.05065924751468916,36.814879297025314,-10.159769012181014,0.29781342893880036
2024-05-03 10:45:00-04:00,59.56999969482422,59.66999816894531,59.5099983215332,59.59000015258789,59.59000015258789,6636,59.5099983215332,40.25363725812986,10.199593861377897,13.943353755938714,60.008201599121094,-0.2191516326320904,43.60611207854841,-2.5803434768836704,59.38999938964844,-0.05065924751468916,36.814879297025314,-10.159769012181014,0.2840320707861313
2024-05-03 10:50:00-04:00,59.5099983215332,59.5099983215332,59.38999938964844,59.4900016784668,59.4900016784668,5533,59.43000030517578,38.6210535847274,9.44319975178644,11.01351615322958,59.96500015258789,-0.07199256998535992,43.28435679924677,-0.7378673859344713,59.38999938964844,-0.05065924751468916,36.814879297025314,-10.159769012181014,0.2756289400014635
2024-05-03 10:55:00-04:00,59.43000030517578,59.47999954223633,59.43000030517578,59.45500183105469,59.45500183105469,2185,59.5,38.039535814893895,7.407696250520618,9.016829954561628,59.80189895629883,-0.2719939896173311,42.44348189610686,-1.9426762121934669,59.38999938964844,-0.05065924751468916,36.814879297025314,-10.159769012181014,0.2540661833304187
2024-05-03 11:00:00-04:00,59.5,59.66999816894531,59.5,59.564998626708984,59.564998626708984,6269,59.45000076293945,41.043989587319814,11.288592076161311,9.379829359489433,59.66999816894531,-0.2205628745165838,42.44348189610686,-1.9426762121934669,59.38999938964844,-0.05065924751468916,36.814879297025314,-10.159769012181014,0.25015919878643933
2024-05-03 11:05:00-04:00,59.45000076293945,59.4900016784668,59.43000030517578,59.43000030517578,59.43000030517578,4242,59.439998626708984,38.57194970161293,13.546561582286046,10.747616636322634,59.66999816894531,-0.2205628745165838,42.44348189610686,-1.9426762121934669,59.38999938964844,-0.05065924751468916,38.039535814893895,3.3265259624728283,0.23864311106111571
2024-05-03 11:10:00-04:00,59.439998626708984,59.56999969482422,59.435001373291016,59.56999969482422,59.56999969482422,3517,59.5,42.44348189610686,35.21756770343096,20.017573787292747,59.66999816894531,-0.2205628745165838,44.35719911047742,4.508860086113937,59.38999938964844,-0.05065924751468916,38.039535814893895,3.3265259624728283,0.2287787389198479
2024-05-03 11:15:00-04:00,59.5,59.5275993347168,59.439998626708984,59.52000045776367,59.52000045776367,2880,59.52000045776367,41.4389882232862,47.14952114002379,31.97121680858024,59.66999816894531,-0.2205628745165838,44.35719911047742,4.508860086113937,59.38999938964844,-0.05065924751468916,38.039535814893895,3.3265259624728283,0.21890097183938656
2024-05-03 11:20:00-04:00,59.52000045776367,59.54999923706055,59.45000076293945,59.474998474121094,59.474998474121094,5099,59.5,40.509704689944,61.14401261579926,47.83703381975132,59.66999816894531,-0.2205628745165838,44.35719911047742,4.508860086113937,59.43000030517578,0.06735294820413121,38.039535814893895,3.3265259624728283,0.2070107220675573
2024-05-03 11:25:00-04:00,59.5,59.5,59.47999954223633,59.47999954223633,59.47999954223633,2066,59.5099983215332,40.66893913107861,56.44962363824012,54.91438579802104,59.66999816894531,-0.2205628745165838,46.358467933825,4.511711432372359,59.43000030517578,0.06735294820413121,38.57194970161293,1.3996329747813967,0.1888098024486922
2024-05-03 11:30:00-04:00,59.5099983215332,59.540000915527344,59.5099983215332,59.525001525878906,59.525001525878906,2114,59.5,42.16898745690547,64.63861529004849,60.74408384802927,59.630001068115234,-0.06703050453736102,46.358467933825,4.511711432372359,59.43000030517578,0.06735294820413121,38.57194970161293,1.3996329747813967,0.17592895953292453
2024-05-03 11:35:00-04:00,59.5,59.619998931884766,59.499698638916016,59.59000015258789,59.59000015258789,6721,59.560001373291016,44.35719911047742,79.83667769500099,66.97497220776317,59.630001068115234,-0.06703050453736102,46.358467933825,4.511711432372359,59.43000030517578,0.06735294820413121,40.509704689944,5.02374135432942,0.17036609287650709
2024-05-03 11:40:00-04:00,59.560001373291016,59.56999969482422,59.45000076293945,59.5099983215332,59.5099983215332,5203,59.5099983215332,42.23874079678435,84.8906306210392,76.4553078686962,59.630001068115234,-0.06703050453736102,46.358467933825,4.511711432372359,59.43000030517578,0.06735294820413121,40.509704689944,5.02374135432942,0.16732942255370015
2024-05-03 11:45:00-04:00,59.5099983215332,59.54999923706055,59.43000030517578,59.47999954223633,59.47999954223633,3941,59.540000915527344,41.43953428751681,75.24323990273807,79.99018273959273,59.630001068115234,-0.06703050453736102,46.358467933825,4.511711432372359,59.43000030517578,0.06735294820413121,40.509704689944,5.02374135432942,0.1625963734868067
2024-05-03 11:50:00-04:00,59.540000915527344,59.619998931884766,59.529998779296875,59.6150016784668,59.6150016784668,3032,59.59000015258789,46.358467933825,75.24323990273807,78.45903680883843,59.630001068115234,-0.06703050453736102,46.358467933825,4.511711432372359,59.43000030517578,0.06735294820413121,40.66893913107861,0.39307726964036704,0.16033667510296978
2024-05-03 11:55:00-04:00,59.59000015258789,59.630001068115234,59.560001373291016,59.560001373291016,59.560001373291016,3567,59.57500076293945,44.71073290925314,78.00343080059878,76.16330353535828,59.66999816894531,0.06707546556034691,49.61494362779367,7.024554173397561,59.43000030517578,0.06735294820413121,41.43953428751681,1.8948002404353845,0.15130297707509469
2024-05-03 12:00:00-04:00,59.57500076293945,59.59000015258789,59.564998626708984,59.59000015258789,59.59000015258789,2187,59.54999923706055,45.84143606814941,91.32594240342793,81.52420436892156,59.70000076293945,0.050280869641043814,49.61494362779367,7.024554173397561,59.43000030517578,0.06735294820413121,41.43953428751681,1.8948002404353845,0.1391725572972727
2024-05-03 12:05:00-04:00,59.54999923706055,59.54999923706055,59.470001220703125,59.53499984741211,59.53499984741211,5319,59.5,44.06225286169659,81.49606721124775,83.6084801384248,59.70000076293945,0.050280869641043814,49.61494362779367,7.024554173397561,59.3849983215332,-0.07572267106089664,39.74859043560212,-4.080508820834086,0.137255194756022
2024-05-03 12:10:00-04:00,59.5,59.540000915527344,59.5,59.529998779296875,59.529998779296875,4308,59.47999954223633,43.89542672770185,77.55437535539642,83.458794990024,59.70000076293945,0.050280869641043814,49.61494362779367,7.024554173397561,59.18000030517578,-0.3452016875499159,36.44212340257247,-8.318451036362042,0.12752976683315417
2024-05-03 12:15:00-04:00,59.47999954223633,59.54999923706055,59.45000076293945,59.540000915527344,59.540000915527344,6408,59.560001373291016,44.34924619072557,68.17510522399904,75.7418492635477,59.70000076293945,0.050280869641043814,49.61494362779367,7.024554173397561,59.18000030517578,-0.3452016875499159,36.44212340257247,-8.318451036362042,0.12477663756194812
2024-05-03 12:20:00-04:00,59.560001373291016,59.66999816894531,59.560001373291016,59.65999984741211,59.65999984741211,8114,59.70000076293945,49.61494362779367,78.00498041617924,74.57815366519155,59.70000076293945,0.050280869641043814,49.61494362779367,7.024554173397561,59.18000030517578,-0.3452016875499159,36.44212340257247,-8.318451036362042,0.12529869914755018
2024-05-03 12:25:00-04:00,59.70000076293945,59.70000076293945,59.61000061035156,59.61000061035156,59.61000061035156,2931,59.540000915527344,47.59420739310458,81.15131687760781,75.77713417259535,59.70000076293945,0.050280869641043814,49.61494362779367,7.024554173397561,59.18000030517578,-0.3452016875499159,36.44212340257247,-8.318451036362042,0.12176884449158423
2024-05-03 12:30:00-04:00,59.540000915527344,59.540000915527344,59.3849983215332,59.3849983215332,59.3849983215332,2477,59.38999938964844,39.74859043560212,59.268961351143766,72.80841954831025,59.70000076293945,0.050280869641043814,49.61494362779367,7.024554173397561,59.09000015258789,-0.15207866191920139,36.30261148191235,-0.3828314808084734,0.13209218892426175
2024-05-03 12:35:00-04:00,59.38999938964844,59.38999938964844,59.18000030517578,59.27000045776367,59.27000045776367,9309,59.29999923706055,36.44212340257247,25.935628017810437,55.45196874885397,59.70000076293945,0.050280869641043814,49.61494362779367,7.024554173397561,59.09000015258789,-0.15207866191920139,36.30261148191235,-0.3828314808084734,0.1398828784791012
2024-05-03 12:40:00-04:00,59.29999923706055,59.314998626708984,59.220001220703125,59.314998626708984,59.314998626708984,5265,59.290000915527344,38.59460164474055,5.446766410852674,30.217118593268935,59.70000076293945,0.050280869641043814,49.61494362779367,7.024554173397561,59.09000015258789,-0.15207866191920139,36.30261148191235,-0.3828314808084734,0.135394331231777
2024-05-03 12:45:00-04:00,59.290000915527344,59.310001373291016,59.209999084472656,59.25,59.25,5338,59.204898834228516,36.66311050208142,6.005966075340218,12.462786834667753,59.70000076293945,0.050280869641043814,49.61494362779367,7.024554173397561,59.09000015258789,-0.15207866191920139,36.30261148191235,-0.3828314808084734,0.1323548523322321
2024-05-03 12:50:00-04:00,59.204898834228516,59.29999923706055,59.20000076293945,59.279998779296875,59.279998779296875,3986,59.25,38.2003317791763,10.455047204875656,7.302593230356159,59.70000076293945,0.050280869641043814,47.59420739310458,-4.072837913207056,59.09000015258789,-0.15207866191920139,36.30261148191235,-0.3828314808084734,0.12911921451111827
2024-05-03 12:55:00-04:00,59.25,59.25,59.09000015258789,59.220001220703125,59.220001220703125,12521,59.224998474121094,36.30261148191235,5.008280794022953,7.156431358079584,59.540000915527344,-0.2680064411513945,45.779846927952065,-3.812145562519403,59.09000015258789,-0.15207866191920139,36.30261148191235,-0.3828314808084734,0.13520715573090486
2024-05-03 13:00:00-04:00,59.224998474121094,59.38999938964844,59.224998474121094,59.380001068115234,59.380001068115234,8851,59.36000061035156,44.25570626870673,24.363184582988715,13.275504193962417,59.470001220703125,-0.11756750713445763,45.779846927952065,-3.812145562519403,59.09000015258789,-0.15207866191920139,36.30261148191235,-0.3828314808084734,0.13868625705234564
2024-05-03 13:05:00-04:00,59.36000061035156,59.41999816894531,59.36000061035156,59.400001525878906,59.400001525878906,2755,59.38999938964844,45.17717581367857,42.135514985045575,23.83566012068572,59.470001220703125,-0.11756750713445763,45.779846927952065,-3.812145562519403,59.09000015258789,-0.15207866191920139,36.30261148191235,-0.3828314808084734,0.13081738720648609
2024-05-03 13:10:00-04:00,59.38999938964844,59.42499923706055,59.29999923706055,59.29999923706055,59.29999923706055,3243,59.36000061035156,41.484656661695254,55.11106558228176,40.53658838343866,59.470001220703125,-0.11756750713445763,45.779846927952065,-3.812145562519403,59.09000015258789,-0.15207866191920139,36.30261148191235,-0.3828314808084734,0.1302356484858375
2024-05-03 13:15:00-04:00,59.36000061035156,59.38999938964844,59.36000061035156,59.38999938964844,59.38999938964844,2044,59.34000015258789,45.779846927952065,58.927428341622125,52.0580029696498,59.470001220703125,-0.11756750713445763,45.779846927952065,-3.812145562519403,59.09000015258789,-0.15207866191920139,36.30261148191235,-0.3828314808084734,0.12621209889604282
2024-05-03 13:20:00-04:00,59.34000015258789,59.470001220703125,59.29499816894531,59.38999938964844,59.38999938964844,6670,59.36000061035156,45.779846927952065,60.436483022823495,58.158325648909106,59.470001220703125,-0.11756750713445763,45.779846927952065,-3.812145562519403,59.09000015258789,-0.15207866191920139,36.30261148191235,-0.3828314808084734,0.1310911941822198
2024-05-03 13:25:00-04:00,59.36000061035156,59.41490173339844,59.220001220703125,59.27000045776367,59.27000045776367,3993,59.255001068115234,41.1132724955239,59.50655789249674,59.62348975231409,59.470001220703125,-0.11756750713445763,45.779846927952065,-3.812145562519403,59.09000015258789,-0.15207866191920139,37.799793251073794,4.124170983972899,0.13747212603352904
2024-05-03 13:30:00-04:00,59.255001068115234,59.2599983215332,59.19499969482422,59.22999954223633,59.22999954223633,4263,59.2400016784668,39.6619137918611,45.692913406733446,55.21198477401787,59.470001220703125,-0.11756750713445763,45.779846927952065,-3.812145562519403,59.09000015258789,-0.15207866191920139,37.799793251073794,4.124170983972899,0.13122498972412144
2024-05-03 13:35:00-04:00,59.2400016784668,59.29999923706055,59.220001220703125,59.29999923706055,59.29999923706055,4705,59.28499984741211,43.42568257928306,47.01571347581825,50.73839492501613,59.470001220703125,-0.11756750713445763,45.779846927952065,-3.812145562519403,59.09000015258789,-0.15207866191920139,37.799793251073794,4.124170983972899,0.12610229238745146
2024-05-03 13:40:00-04:00,59.28499984741211,59.34000015258789,59.209999084472656,59.27000045776367,59.27000045776367,4740,59.25,42.21049323739357,55.749290232028194,49.48597237152661,59.470001220703125,-0.11756750713445763,45.779846927952065,-3.812145562519403,59.09000015258789,-0.15207866191920139,37.799793251073794,4.124170983972899,0.12649216996022977
2024-05-03 13:45:00-04:00,59.25,59.25,59.16999816894531,59.16999816894531,59.16999816894531,1960,59.13999938964844,38.3571743967054,53.058777367221985,51.94126035835612,59.470001220703125,-0.11756750713445763,45.779846927952065,-3.812145562519403,58.9900016784668,-0.16923079008777805,37.49716651335159,-0.8006042141873623,0.12384318184604273
2024-05-03 13:50:00-04:00,59.13999938964844,59.15999984741211,59.09000015258789,59.154998779296875,59.154998779296875,2742,59.18000030517578,37.799793251073794,33.271398933777455,47.35982217767585,59.41490173339844,-0.09265089317924188,44.495415279528565,-2.8056704742698835,58.9900016784668,-0.16923079008777805,37.13764099679139,-0.958807157954671,0.11945866529718066
2024-05-03 13:55:00-04:00,59.18000030517578,59.25,59.150001525878906,59.25,59.25,7499,59.22999954223633,43.40890445388467,37.486450968429175,41.272209089809515,59.34000015258789,-0.1260653112692822,44.495415279528565,-2.8056704742698835,58.9900016784668,-0.16923079008777805,37.13764099679139,-0.958807157954671,0.11751264617957198
2024-05-03 14:00:00-04:00,59.22999954223633,59.275001525878906,59.20000076293945,59.20000076293945,59.20000076293945,6139,59.20000076293945,41.29808535730258,47.83022325428113,39.52935771882923,59.34000015258789,-0.1260653112692822,44.495415279528565,-2.8056704742698835,58.9900016784668,-0.16923079008777805,37.13764099679139,-0.958807157954671,0.1132614578555601
2024-05-03 14:05:00-04:00,59.20000076293945,59.255001068115234,59.15999984741211,59.255001068115234,59.255001068115234,4717,59.22999954223633,44.495415279528565,70.53249326362757,51.94972249544594,59.34000015258789,-0.1260653112692822,44.495415279528565,-2.8056704742698835,58.9900016784668,-0.16923079008777805,37.13764099679139,-0.958807157954671,0.1114354341403166
2024-05-03 14:10:00-04:00,59.22999954223633,59.2400016784668,58.9900016784668,59.08000183105469,59.08000183105469,17988,59.08000183105469,37.49716651335159,45.53823900585648,54.63365184125504,59.275001525878906,-0.10953593957169834,44.495415279528565,-2.8056704742698835,58.9900016784668,-0.16923079008777805,36.6938804521548,-1.194907734379061,0.1267918296911287
2024-05-03 14:15:00-04:00,59.08000183105469,59.10499954223633,59.05500030517578,59.06999969482422,59.06999969482422,4073,59.04999923706055,37.13764099679139,27.96815785778037,48.012963375754794,59.275001525878906,-0.10953593957169834,44.811800977764335,0.7110523550531568,58.9900016784668,-0.16923079008777805,36.6938804521548,-1.194907734379061,0.11911257042807052
2024-05-03 14:20:00-04:00,59.04999923706055,59.18000030517578,59.04990005493164,59.18000030517578,59.18000030517578,10869,59.20119857788086,43.54820229147554,24.72579086769954,32.74406257711211,59.275001525878906,-0.10953593957169834,44.811800977764335,0.7110523550531568,58.9900016784668,-0.16923079008777805,36.6938804521548,-1.194907734379061,0.12021133840967753
2024-05-03 14:25:00-04:00,59.20119857788086,59.20119857788086,59.03499984741211,59.060001373291016,59.060001373291016,6232,59.04999923706055,38.889119176498745,31.481312137996813,28.058420287825555,59.275001525878906,-0.10953593957169834,44.811800977764335,0.7110523550531568,58.9900016784668,-0.16923079008777805,36.6938804521548,-1.194907734379061,0.12481007761558478
2024-05-03 14:30:00-04:00,59.04999923706055,59.06999969482422,59.0099983215332,59.029998779296875,59.029998779296875,7348,59.029998779296875,37.80021270705004,34.48299754265866,30.230033516118322,59.255001068115234,-0.03374180893937196,44.811800977764335,0.7110523550531568,58.9900016784668,-0.16923079008777805,36.6938804521548,-1.194907734379061,0.11832920718312787
2024-05-03 14:35:00-04:00,59.029998779296875,59.06999969482422,59.0,59.0,59.0,6932,59.0,36.6938804521548,9.757206674959086,25.2405054518715,59.2400016784668,-0.025313288968124893,44.811800977764335,0.7110523550531568,58.95000076293945,-0.06780965314321281,36.6938804521548,-1.194907734379061,0.11349625594723696
2024-05-03 14:40:00-04:00,59.0,59.150001525878906,59.0,59.13999938964844,59.13999938964844,12750,59.130001068115234,44.811800977764335,36.33501873799514,26.858407651870944,59.20119857788086,-0.06550151837696871,48.29856135771416,7.780897673985392,58.95000076293945,-0.06780965314321281,36.6938804521548,-1.194907734379061,0.11714678294040388
2024-05-03 14:45:00-04:00,59.130001068115234,59.18000030517578,59.04999923706055,59.06999969482422,59.06999969482422,12021,59.04999923706055,41.917465893294064,54.78211620270837,33.624780538554184,59.279998779296875,0.1331057534457714,52.4523804633099,8.60029572067636,58.95000076293945,-0.06780965314321281,36.6938804521548,-1.194907734379061,0.11843221145788693
2024-05-03 14:50:00-04:00,59.04999923706055,59.092498779296875,59.040000915527344,59.04999923706055,59.04999923706055,7351,59.029998779296875,41.1006326763351,72.87686600256316,54.66466698108888,59.279998779296875,0.1331057534457714,52.4523804633099,8.60029572067636,58.95000076293945,-0.06780965314321281,36.6938804521548,-1.194907734379061,0.11183877668905136
2024-05-03 14:55:00-04:00,59.029998779296875,59.04999923706055,59.0099983215332,59.02000045776367,59.02000045776367,6747,59.0,39.846406494976534,52.488251836642576,60.049078013971354,59.279998779296875,0.1331057534457714,52.4523804633099,8.60029572067636,58.95000076293945,-0.06780965314321281,36.6938804521548,-1.194907734379061,0.1046549905728806
2024-05-03 15:00:00-04:00,59.0,59.040000915527344,58.95000076293945,59.040000915527344,59.040000915527344,10956,59.06999969482422,41.13613170816035,49.279982827894806,58.21503355570016,59.279998779296875,0.1331057534457714,52.4523804633099,8.60029572067636,58.95000076293945,-0.06780965314321281,36.6938804521548,-1.194907734379061,0.10318950677438159
2024-05-03 15:05:00-04:00,59.06999969482422,59.1609992980957,59.0099983215332,59.15999984741211,59.15999984741211,13385,59.15999984741211,48.29856135771416,64.51856636137336,55.42893367530356,59.279998779296875,0.1331057534457714,52.4523804633099,8.60029572067636,58.95000076293945,-0.06780965314321281,39.846406494976534,8.591421795610623,0.10797065375319344
2024-05-03 15:10:00-04:00,59.15999984741211,59.279998779296875,59.13999938964844,59.2400016784668,59.2400016784668,16492,59.2400016784668,52.4523804633099,84.90718052729393,66.23524323885401,59.279998779296875,0.1331057534457714,52.4523804633099,8.60029572067636,58.95000076293945,-0.06780965314321281,39.846406494976534,8.591421795610623,0.11117352734271786
2024-05-03 15:15:00-04:00,59.2400016784668,59.2400016784668,59.029998779296875,59.029998779296875,59.029998779296875,18031,59.089900970458984,42.74430290872064,79.46488657398201,76.29687782088308,59.279998779296875,0.1331057534457714,52.4523804633099,8.60029572067636,58.95000076293945,-0.06780965314321281,39.846406494976534,8.591421795610623,0.12105646452543825
2024-05-03 15:20:00-04:00,59.089900970458984,59.25,59.0099983215332,59.2400016784668,59.2400016784668,11260,59.220001220703125,52.2598999500098,79.05774013837826,81.14326907988472,59.279998779296875,0.1331057534457714,52.4523804633099,8.60029572067636,58.95000076293945,-0.06780965314321281,39.846406494976534,8.591421795610623,0.1329509859195741
2024-05-03 15:25:00-04:00,59.220001220703125,59.22999954223633,59.0,59.0,59.0,12475,59.02000045776367,43.385557383591355,59.87904700282108,72.80055790506044,59.279998779296875,0.1331057534457714,52.4523804633099,8.60029572067636,58.95000076293945,-0.06780965314321281,41.13613170816035,3.236741595120782,0.1436560551742964
2024-05-03 15:30:00-04:00,59.02000045776367,59.1349983215332,58.970001220703125,59.02000045776367,59.02000045776367,16619,59.029998779296875,44.23539622470247,63.03309786410508,67.32329500176813,59.279998779296875,0.1331057534457714,52.4523804633099,8.60029572067636,58.959999084472656,0.01696068092248244,42.74430290872064,3.9093884956646825,0.14579015973987458
2024-05-03 15:35:00-04:00,59.029998779296875,59.130001068115234,59.029998779296875,59.099998474121094,59.099998474121094,14965,59.099998474121094,47.622130591153606,53.22300731916485,58.71171739536365,59.790000915527344,0.8603275079833224,65.89872174256185,25.635330866742216,58.959999084472656,0.01696068092248244,42.74430290872064,3.9093884956646825,0.14221120480104338
2024-05-03 15:40:00-04:00,59.099998474121094,59.11000061035156,59.040000915527344,59.04999923706055,59.04999923706055,20761,59.05500030517578,45.75187793012862,58.22839180978302,58.1614989976843,59.790000915527344,0.8603275079833224,65.89872174256185,25.635330866742216,58.959999084472656,0.01696068092248244,42.74430290872064,3.9093884956646825,0.1349900538033609
2024-05-03 15:45:00-04:00,59.05500030517578,59.095001220703125,58.9900016784668,59.060001373291016,59.060001373291016,32055,59.06999969482422,46.20700353355406,59.09512303329618,56.848840720748,59.790000915527344,0.8603275079833224,65.89872174256185,25.635330866742216,58.959999084472656,0.01696068092248244,43.385557383591355,1.5002103935116122,0.1319910026466576
2024-05-03 15:50:00-04:00,59.06999969482422,59.13999938964844,59.0,59.130001068115234,59.130001068115234,40492,59.119998931884766,49.4061377282283,61.25733588339253,59.52695024215723,59.790000915527344,0.8603275079833224,65.89872174256185,25.635330866742216,58.959999084472656,0.01696068092248244,43.385557383591355,1.5002103935116122,0.13279184134683558
2024-05-03 15:55:00-04:00,59.119998931884766,59.1349983215332,58.959999084472656,58.97999954223633,58.97999954223633,65361,59.13999938964844,43.44377382679503,51.60964595748252,57.32070162472373,59.79499816894531,0.008358008599178618,65.89872174256185,25.635330866742216,58.959999084472656,0.01696068092248244,43.44377382679503,0.1341839236706315,0.13701258091820673
2024-05-06 09:30:00-04:00,59.13999938964844,59.790000915527344,59.13999938964844,59.7400016784668,59.7400016784668,8638,59.68000030517578,65.89872174256185,68.12397729870334,60.33031971319277,59.88999938964844,0.15887820655953147,65.89872174256185,25.635330866742216,58.959999084472656,0.01696068092248244,43.44377382679503,0.1341839236706315,0.20431146015548762
2024-05-06 09:35:00-04:00,59.68000030517578,59.68000030517578,59.36000061035156,59.36000061035156,59.36000061035156,4598,59.45000076293945,54.29172290300255,60.554627695178,60.0960836504546,60.040000915527344,0.25046172550943946,65.89872174256185,25.635330866742216,58.959999084472656,0.01696068092248244,43.44377382679503,0.1341839236706315,0.2218804209514623
2024-05-06 09:40:00-04:00,59.45000076293945,59.630001068115234,59.45000076293945,59.61000061035156,59.61000061035156,7752,59.650001525878906,59.362866317876716,74.96654331504016,67.88171610297381,60.040000915527344,0.25046172550943946,65.89872174256185,25.635330866742216,58.959999084472656,0.01696068092248244,43.44377382679503,0.1341839236706315,0.22669242463268321
2024-05-06 09:45:00-04:00,59.650001525878906,59.720001220703125,59.625,59.720001220703125,59.720001220703125,3604,59.70000076293945,61.39252144319356,68.47937221722465,68.00018107581424,60.040000915527344,0.25046172550943946,65.89872174256185,25.635330866742216,58.959999084472656,0.01696068092248244,43.44377382679503,0.1341839236706315,0.21502324320457117
2024-05-06 09:50:00-04:00,59.70000076293945,59.79499816894531,59.630001068115234,59.77000045776367,59.77000045776367,8470,59.8650016784668,62.31389014985864,78.9429864745316,74.12963400226545,60.040000915527344,0.25046172550943946,65.89872174256185,25.635330866742216,58.959999084472656,0.01696068092248244,43.44377382679503,0.1341839236706315,0.21002062896712187
2024-05-06 09:55:00-04:00,59.8650016784668,59.88999938964844,59.80080032348633,59.849998474121094,59.849998474121094,1106,59.847999572753906,63.802369077296795,85.24817780631753,77.5568454993579,60.040000915527344,0.25046172550943946,65.89872174256185,25.635330866742216,59.13999938964844,0.3052922455407314,54.29172290300255,24.970089199563912,0.20101845925888623
2024-05-06 10:00:00-04:00,59.847999572753906,60.040000915527344,59.847999572753906,59.959999084472656,59.959999084472656,4589,59.939998626708984,65.80249075385908,91.59286783961987,85.26134404015632,60.040000915527344,0.25046172550943946,65.80249075385908,-0.14602861202483536,59.36000061035156,0.37200071520736755,52.84493685053615,-2.6648372442540174,0.20011674761034132
2024-05-06 10:05:00-04:00,59.939998626708984,59.97999954223633,59.869998931884766,59.900001525878906,59.900001525878906,7390,59.88999938964844,63.73392144527652,93.5400812336943,90.12704229321054,60.040000915527344,0.25046172550943946,65.80249075385908,-0.14602861202483536,59.45000076293945,0.1516175061699643,52.84493685053615,-2.6648372442540174,0.19110513388446343
2024-05-06 10:10:00-04:00,59.88999938964844,59.88999938964844,59.67499923706055,59.709999084472656,59.709999084472656,3773,59.70000076293945,57.56259661063869,84.26938001157032,89.80077636162814,60.040000915527344,0.25046172550943946,65.80249075385908,-0.14602861202483536,59.54999923706055,0.16820600981965306,52.062982443868954,-1.4797149041521906,0.19449484937785302
2024-05-06 10:15:00-04:00,59.70000076293945,59.8650016784668,59.70000076293945,59.75199890136719,59.75199890136719,5613,59.709999084472656,58.51876061164864,73.45664954379374,83.75537026301943,60.040000915527344,0.25046172550943946,65.80249075385908,-0.14602861202483536,59.45000076293945,-0.16792355231276035,51.7386376105778,-0.6229855034541004,0.1915454559928021
2024-05-06 10:20:00-04:00,59.709999084472656,59.709999084472656,59.619998931884766,59.619998931884766,59.619998931884766,4105,59.56999969482422,54.3723455689754,59.55982242218957,72.42861732585119,60.040000915527344,0.25046172550943946,65.80249075385908,-0.14602861202483536,59.45000076293945,-0.16792355231276035,51.7386376105778,-0.6229855034541004,0.18559090734176406
2024-05-06 10:25:00-04:00,59.56999969482422,59.56999969482422,59.56999969482422,59.56999969482422,59.56999969482422,1686,59.709999084472656,52.84493685053615,52.55667434424037,61.85771543674121,60.040000915527344,0.25046172550943946,65.80249075385908,-0.14602861202483536,59.45000076293945,-0.16792355231276035,49.51635733393326,-4.2952044724699165,0.17203174031364235
2024-05-06 10:35:00-04:00,59.709999084472656,59.755001068115234,59.65999984741211,59.65999984741211,59.65999984741211,10078,59.584999084472656,55.28017715465422,47.74914674253909,53.288547836322984,59.97999954223633,-0.09993566351778364,63.73392144527652,-3.143603357386953,59.43009948730469,-0.0334756524463695,47.50229607210325,-4.067466530801902,0.1733287036113797
2024-05-06 10:40:00-04:00,59.584999084472656,59.584999084472656,59.54999923706055,59.560001373291016,59.560001373291016,2598,59.459999084472656,52.062982443868954,31.52618661340153,43.94400256672697,59.88999938964844,-0.1500502722153489,58.51876061164864,-8.182708227212641,59.400001525878906,-0.0506443059753092,46.479326144314854,-2.1535168031365046,0.166995894285398
2024-05-06 10:45:00-04:00,59.459999084472656,59.54999923706055,59.45000076293945,59.54999923706055,59.54999923706055,2338,59.5099983215332,51.7386376105778,17.570594199342292,32.28197585176094,59.8650016784668,-0.04173937458072725,58.51876061164864,-8.182708227212641,59.18000030517578,-0.37037241591193676,39.87360629189132,-14.212167861283667,0.16129636589201443
2024-05-06 10:50:00-04:00,59.5099983215332,59.61000061035156,59.5099983215332,59.59000015258789,59.59000015258789,5028,59.529998779296875,52.99971087906674,2.9889231057833907,17.361901306175714,59.755001068115234,-0.18374777794607375,55.28017715465422,-5.534265290556672,58.97999954223633,-0.33795329825633913,34.795650213616,-12.735131207101205,0.15516695818464893
2024-05-06 10:55:00-04:00,59.529998779296875,59.55500030517578,59.45000076293945,59.4900016784668,59.4900016784668,6469,59.52000045776367,49.51635733393326,2.9889231057833907,7.849480136969667,59.755001068115234,-0.18374777794607375,55.28017715465422,-5.534265290556672,58.97999954223633,-0.33795329825633913,34.795650213616,-12.735131207101205,0.15365020133102777
2024-05-06 11:00:00-04:00,59.52000045776367,59.540000915527344,59.43009948730469,59.43009948730469,59.43009948730469,5101,59.41999816894531,47.50229607210325,2.9889231057833907,2.9889231057833907,59.755001068115234,-0.18374777794607375,55.28017715465422,-5.534265290556672,58.97999954223633,-0.33795329825633913,34.795650213616,-12.735131207101205,0.14927532402019061
2024-05-06 11:05:00-04:00,59.41999816894531,59.439998626708984,59.400001525878906,59.400001525878906,59.400001525878906,2942,59.380001068115234,46.479326144314854,0.0,1.9926154038555701,59.61000061035156,-0.24265827992938133,52.99971087906674,-4.125287567743402,58.97999954223633,-0.33795329825633913,34.795650213616,-12.735131207101205,0.13834750170117935
2024-05-06 11:10:00-04:00,59.380001068115234,59.380001068115234,59.18000030517578,59.185001373291016,59.185001373291016,5847,59.189998626708984,39.87360629189132,0.0,0.9963077019277732,59.61000061035156,-0.24265827992938133,52.99971087906674,-4.125287567743402,58.97999954223633,-0.33795329825633913,34.795650213616,-12.735131207101205,0.1465128736013739
2024-05-06 11:15:00-04:00,59.189998626708984,59.310001373291016,58.97999954223633,58.97999954223633,58.97999954223633,6959,59.32500076293945,34.795650213616,0.0,0.0,59.61000061035156,-0.24265827992938133,52.99971087906674,-4.125287567743402,58.97999954223633,-0.33795329825633913,34.795650213616,-12.735131207101205,0.16486176934670527
2024-05-06 11:20:00-04:00,59.32500076293945,59.32500076293945,59.220001220703125,59.29999923706055,59.29999923706055,6900,59.33000183105469,46.29328523912012,16.15532257026128,5.385107523420403,59.55500030517578,-0.09226690926460113,49.51635733393326,-6.572401032680539,58.97999954223633,-0.33795329825633913,34.795650213616,-12.735131207101205,0.18287571448234724
2024-05-06 11:25:00-04:00,59.33000183105469,59.3650016784668,59.23500061035156,59.275001525878906,59.275001525878906,6303,59.31999969482422,45.61659458868084,31.359827366791144,15.838383312350786,59.540000915527344,-0.025185777133030992,51.408604318801586,3.821458376082087,58.97999954223633,-0.33795329825633913,34.795650213616,-12.735131207101205,0.17758824984563595
2024-05-06 11:30:00-04:00,59.31999969482422,59.33000183105469,59.29999923706055,59.29999923706055,59.29999923706055,2419,59.27000045776367,46.459424409427,50.33963951050252,32.61826314918496,59.439998626708984,-0.16795815801252353,51.408604318801586,3.821458376082087,58.97999954223633,-0.33795329825633913,34.795650213616,-12.735131207101205,0.1653294553786505
2024-05-06 11:35:00-04:00,59.27000045776367,59.27000045776367,59.244998931884766,59.244998931884766,59.244998931884766,3612,59.25,44.813785080706126,50.48627157479033,44.06191281736131,59.42499923706055,-0.02523450537513576,51.408604318801586,3.821458376082087,58.97999954223633,-0.33795329825633913,34.795650213616,-12.735131207101205,0.15429654035836354
2024-05-06 11:40:00-04:00,59.25,59.33000183105469,59.25,59.33000183105469,59.33000183105469,2503,59.33000183105469,47.886113366572374,56.58315064820191,52.46968724449823,59.42499923706055,-0.02523450537513576,51.408604318801586,3.821458376082087,58.97999954223633,-0.33795329825633913,34.795650213616,-12.735131207101205,0.1473671762395194
2024-05-06 11:45:00-04:00,59.33000183105469,59.369998931884766,59.2599983215332,59.30500030517578,59.30500030517578,6078,59.275001525878906,47.05631535625386,60.05376017681413,55.7077274666021,59.42499923706055,-0.02523450537513576,51.408604318801586,3.821458376082087,58.96500015258789,-0.025431315301547682,36.61628225645641,5.232355284822271,0.1436305196507237
2024-05-06 11:50:00-04:00,59.275001525878906,59.42499923706055,59.2400016784668,59.42499923706055,59.42499923706055,9652,59.42499923706055,51.408604318801586,74.1716743295902,63.602861718202064,59.42499923706055,-0.02523450537513576,51.408604318801586,3.821458376082087,58.96500015258789,-0.025431315301547682,36.61628225645641,5.232355284822271,0.14776722354502633
2024-05-06 11:55:00-04:00,59.42499923706055,59.42499923706055,59.380001068115234,59.380001068115234,59.380001068115234,5284,59.34000015258789,49.75680166245391,80.26555448670639,71.49699633103688,59.42499923706055,-0.02523450537513576,51.408604318801586,3.821458376082087,58.96500015258789,-0.025431315301547682,36.61628225645641,5.232355284822271,0.13749031808505494
2024-05-06 12:00:00-04:00,59.34000015258789,59.34000015258789,59.29999923706055,59.33000183105469,59.33000183105469,2740,59.279998779296875,47.91457441813788,84.13781273724878,79.52501385118177,59.42499923706055,-0.02523450537513576,51.408604318801586,3.821458376082087,58.96500015258789,-0.025431315301547682,36.61628225645641,5.232355284822271,0.1317414693820182
2024-05-06 12:05:00-04:00,59.279998779296875,59.3129997253418,59.25,59.25,59.25,2908,59.2400016784668,45.04101522152746,74.27492404919333,79.55943042438281,59.42499923706055,-0.02523450537513576,51.408604318801586,3.821458376082087,58.96500015258789,-0.025431315301547682,36.61628225645641,5.232355284822271,0.12656750554928514
2024-05-06 12:10:00-04:00,59.2400016784668,59.2400016784668,58.96500015258789,58.96500015258789,58.96500015258789,16004,59.0,36.61628225645641,50.532696946038605,69.64847791082688,59.42499923706055,-0.02523450537513576,51.408604318801586,3.821458376082087,58.96500015258789,-0.025431315301547682,36.61628225645641,5.232355284822271,0.14241073973556756
2024-05-06 12:15:00-04:00,59.0,59.09000015258789,58.992000579833984,59.040000915527344,59.040000915527344,13296,59.0099983215332,39.8070789243318,34.26528008071543,53.0243003586491,59.42499923706055,-0.02523450537513576,51.408604318801586,3.821458376082087,58.939998626708984,-0.042400620392110636,36.61628225645641,5.232355284822271,0.14066966576201081
2024-05-06 12:20:00-04:00,59.0099983215332,59.03499984741211,59.0099983215332,59.03499984741211,59.03499984741211,3362,59.040000915527344,39.66369634873491,23.47587072633281,36.091282584362254,59.42499923706055,-0.02523450537513576,49.75680166245391,-3.213085977017208,58.849998474121094,-0.1526979210805522,34.26944639362621,-6.4092685499669715,0.1296029585852238
2024-05-06 12:25:00-04:00,59.040000915527344,59.119998931884766,58.994998931884766,59.08000183105469,59.08000183105469,8156,59.040000915527344,41.69871215511273,31.275689496159448,29.672280101069205,59.34000015258789,-0.1430359033469644,47.91457441813788,-3.702463146272037,58.79999923706055,-0.0849604729939521,34.26944639362621,-6.4092685499669715,0.12914266272670144
2024-05-06 12:30:00-04:00,59.040000915527344,59.06999969482422,59.02000045776367,59.02000045776367,59.02000045776367,4031,59.03499984741211,39.77257583284519,28.332885553297803,27.694815258596662,59.3129997253418,-0.04550122544095785,45.04101522152746,-5.997254972012539,58.79999923706055,-0.0849604729939521,34.26944639362621,-6.4092685499669715,0.12222853378313285
2024-05-06 12:35:00-04:00,59.03499984741211,59.060001373291016,58.97999954223633,59.0,59.0,6510,58.970001220703125,39.12383795036669,24.21589417280815,27.941489740755106,59.2400016784668,-0.12307259321401544,44.05967480037841,-2.1787706523098427,58.79999923706055,-0.0849604729939521,34.26944639362621,-6.4092685499669715,0.11800586351028833
2024-05-06 12:40:00-04:00,58.970001220703125,59.02000045776367,58.939998626708984,58.996700286865234,58.996700286865234,8563,59.0,39.01078259582938,18.158856501610586,23.569212075905487,59.119998931884766,-0.2025704645205153,44.05967480037841,-2.1787706523098427,58.79999923706055,-0.0849604729939521,34.26944639362621,-6.4092685499669715,0.11420546026472825
2024-05-06 12:45:00-04:00,59.0,59.029998779296875,58.849998474121094,58.849998474121094,58.849998474121094,5665,58.86000061035156,34.26944639362621,11.046397386929428,17.8070493537827,59.119998931884766,-0.2025704645205153,44.05967480037841,-2.1787706523098427,58.79999923706055,-0.0849604729939521,34.26944639362621,-6.4092685499669715,0.12078494475583354
2024-05-06 12:50:00-04:00,58.86000061035156,59.0099983215332,58.79999923706055,58.959999084472656,58.959999084472656,7474,58.939998626708984,40.143916320587486,16.82086382040119,15.34203923631371,59.119998931884766,-0.2025704645205153,44.05967480037841,-2.1787706523098427,58.79999923706055,-0.0849604729939521,34.26944639362621,-6.4092685499669715,0.12970635872751582
2024-05-06 12:55:00-04:00,58.939998626708984,59.040000915527344,58.93000030517578,59.040000915527344,59.040000915527344,5792,59.029998779296875,44.05967480037841,30.465709774270554,19.4443236605337,59.06999969482422,-0.08457245934350169,44.05967480037841,-2.1787706523098427,58.79999923706055,-0.0849604729939521,34.26944639362621,-6.4092685499669715,0.1277357838899205
2024-05-06 13:00:00-04:00,59.029998779296875,59.032501220703125,58.88999938964844,58.88999938964844,58.88999938964844,3068,58.877498626708984,38.91869077430388,40.47224801138212,29.252940535351268,59.060001373291016,-0.01692622580812234,45.334184720027274,2.892690255711823,58.79999923706055,-0.0849604729939521,34.26944639362621,-6.4092685499669715,0.12996235808881906
2024-05-06 13:05:00-04:00,58.877498626708984,58.95000076293945,58.877498626708984,58.900001525878906,58.900001525878906,4350,58.900001525878906,39.426232005407265,41.6445815431353,37.527513109595965,59.21500015258789,0.26244289822683753,51.381473734917805,13.339357600091617,58.79999923706055,-0.0849604729939521,34.26944639362621,-6.4092685499669715,0.12421633590298402
2024-05-06 13:10:00-04:00,58.900001525878906,58.994998931884766,58.880001068115234,58.94499969482422,58.94499969482422,6286,58.900001525878906,41.77042504169588,45.816192918368074,42.64434082429514,59.27000045776367,0.09288238627721689,53.6806790763848,4.474775000282837,58.79999923706055,-0.0849604729939521,34.26944639362621,-6.4092685499669715,0.12329448868963874
2024-05-06 13:15:00-04:00,58.900001525878906,58.915000915527344,58.880001068115234,58.915000915527344,58.915000915527344,4207,58.904998779296875,40.641229780361755,57.50401876895918,48.321597743487494,59.27000045776367,0.09288238627721689,53.6806790763848,4.474775000282837,58.79999923706055,-0.0849604729939521,38.91869077430388,13.566733256427472,0.1174649024915733
2024-05-06 13:20:00-04:00,58.904998779296875,58.97999954223633,58.88999938964844,58.95500183105469,58.95500183105469,6144,58.97999954223633,42.859405459450976,74.15334921613274,59.157853634486635,59.27000045776367,0.09288238627721689,53.6806790763848,4.474775000282837,58.877498626708984,0.13180168478572202,38.91869077430388,13.566733256427472,0.11471842750120505
2024-05-06 13:25:00-04:00,58.97999954223633,59.03990173339844,58.970001220703125,59.0,59.0,12886,58.97999954223633,45.334184720027274,84.27440719783198,71.97725839430794,59.27000045776367,0.09288238627721689,53.6806790763848,4.474775000282837,58.877498626708984,0.13180168478572202,38.91869077430388,13.566733256427472,0.11173657498545955
2024-05-06 13:30:00-04:00,58.97999954223633,59.21500015258789,58.97999954223633,59.119998931884766,59.119998931884766,11924,59.125,51.381473734917805,95.91337644346262,84.78037761914241,59.27000045776367,0.09288238627721689,53.6806790763848,4.474775000282837,58.877498626708984,0.13180168478572202,39.426232005407265,1.3041066413222882,0.12406297852206985
2024-05-06 13:35:00-04:00,59.125,59.27000045776367,59.125,59.16999816894531,59.16999816894531,13391,59.13999938964844,53.6806790763848,100.0,93.3959278804315,59.27000045776367,0.09288238627721689,53.6806790763848,4.474775000282837,58.880001068115234,0.004250250884664453,40.641229780361755,3.0816989429470576,0.1266568332577535
2024-05-06 13:40:00-04:00,59.13999938964844,59.16999816894531,59.084999084472656,59.095001220703125,59.095001220703125,6945,59.060001373291016,49.87099551058491,93.45793982954392,96.4571054243355,59.27000045776367,0.09288238627721689,53.6806790763848,4.474775000282837,58.880001068115234,0.004250250884664453,40.641229780361755,3.0816989429470576,0.12249105837924379
2024-05-06 13:45:00-04:00,59.060001373291016,59.16999816894531,59.060001373291016,59.16999816894531,59.16999816894531,6485,59.16999816894531,53.430253439063144,93.02790422178627,95.49528135044336,59.27000045776367,0.09288238627721689,53.6806790763848,4.474775000282837,58.88999938964844,0.016980844687208112,42.859405459450976,5.457944287308612,0.1212416321067491
2024-05-06 13:50:00-04:00,59.16999816894531,59.16999816894531,59.0,59.119998931884766,59.119998931884766,7165,59.130001068115234,50.8386482266975,88.14751546933017,91.54445317355344,59.27000045776367,0.09288238627721689,53.6806790763848,4.474775000282837,58.970001220703125,0.13584960414985173,45.334184720027274,5.774180098969576,0.12611728579060544
2024-05-06 13:55:00-04:00,59.130001068115234,59.185001373291016,59.060001373291016,59.08000183105469,59.08000183105469,4155,59.07500076293945,48.79950898905547,83.66764104343454,88.28102024485031,59.27000045776367,0.09288238627721689,53.6806790763848,4.474775000282837,58.974998474121094,0.008474229802481876,43.90142683741068,-3.160435974452724,0.12600555721154488
2024-05-06 14:00:00-04:00,59.07500076293945,59.16999816894531,59.022499084472656,59.130001068115234,59.130001068115234,10805,59.150001525878906,51.422561849266636,78.99873112319298,83.60462921198587,59.27000045776367,0.09288238627721689,53.6806790763848,4.474775000282837,58.959999084472656,-0.02543347187201608,43.90142683741068,-3.160435974452724,0.12815490993765602
2024-05-06 14:05:00-04:00,59.150001525878906,59.185001373291016,59.060001373291016,59.06999969482422,59.06999969482422,5481,59.060001373291016,48.229356276407884,71.56975095590704,78.0787077075115,59.185001373291016,-0.14340996088438931,53.430253439063144,-0.46650981625122945,58.959999084472656,-0.02543347187201608,43.90142683741068,-3.160435974452724,0.12783941894389042
2024-05-06 14:10:00-04:00,59.060001373291016,59.11000061035156,58.9900016784668,59.06999969482422,59.06999969482422,6118,59.060001373291016,48.229356276407884,69.8440314977427,73.47083785894755,59.185001373291016,-0.14340996088438931,53.430253439063144,-0.46650981625122945,58.959999084472656,-0.02543347187201608,43.90142683741068,-3.160435974452724,0.12705537023797794
2024-05-06 14:15:00-04:00,59.060001373291016,59.09000015258789,59.04999923706055,59.09000015258789,59.09000015258789,3270,59.060001373291016,49.44303100886701,64.11008582173928,68.50795609179632,59.185001373291016,-0.14340996088438931,51.422561849266636,-3.7575932371091354,58.959999084472656,-0.02543347187201608,43.90142683741068,-3.160435974452724,0.11834992476691453
2024-05-06 14:20:00-04:00,59.060001373291016,59.060001373291016,58.974998474121094,58.9900016784668,58.9900016784668,8100,59.01499938964844,43.90142683741068,51.42031043468219,61.79147591805471,59.185001373291016,-0.14340996088438931,51.422561849266636,-3.7575932371091354,58.93000030517578,-0.05087988426508523,43.15180037498737,-1.7075218652905362,0.11801510013690275
2024-05-06 14:25:00-04:00,59.01499938964844,59.025001525878906,58.959999084472656,59.025001525878906,59.025001525878906,7072,59.040000915527344,46.17531636799652,41.0488044159532,52.193066890791535,59.185001373291016,-0.14340996088438931,51.422561849266636,-3.7575932371091354,58.83000183105469,-0.1696902657445107,36.888790179855754,-14.51390241126978,0.11271383426383748
2024-05-06 14:30:00-04:00,59.040000915527344,59.099998474121094,59.02750015258789,59.064998626708984,59.064998626708984,7225,59.040000915527344,48.732751358221,35.016303470494805,42.49513944037671,59.185001373291016,-0.14340996088438931,49.44303100886701,-3.8495375749698417,58.83000183105469,-0.1696902657445107,36.888790179855754,-14.51390241126978,0.10894214566167248
2024-05-06 14:35:00-04:00,59.040000915527344,59.07500076293945,58.9901008605957,59.060001373291016,59.060001373291016,6649,59.08000183105469,48.42317773688329,42.09485013163645,39.386652672694794,59.11000061035156,-0.12672258376139778,49.44303100886701,-3.8495375749698417,58.83000183105469,-0.1696902657445107,36.888790179855754,-14.51390241126978,0.10653792132988023
2024-05-06 14:40:00-04:00,59.08000183105469,59.08000183105469,59.0099983215332,59.029998779296875,59.029998779296875,7741,59.02000045776367,46.51276464888102,40.781622627786135,39.297592076639106,59.099998474121094,-0.01692122505022803,49.44303100886701,-3.8495375749698417,58.81999969482422,-0.01700176086887168,36.62516012343937,-0.7146617038157707,0.10288448014904064
2024-05-06 14:45:00-04:00,59.02000045776367,59.040000915527344,58.93000030517578,58.974998474121094,58.974998474121094,9342,58.95000076293945,43.15180037498737,24.31368144391383,35.730051401112114,59.099998474121094,-0.01692122505022803,48.732751358221,-1.4365617077938204,58.779998779296875,-0.06800563708752208,36.62516012343937,-0.7146617038157707,0.10359609316929283
2024-05-06 14:50:00-04:00,58.95000076293945,58.953399658203125,58.83000183105469,58.85499954223633,58.85499954223633,12897,58.85499954223633,36.888790179855754,8.90094575623799,24.66541660931263,59.099998474121094,-0.01692122505022803,48.732751358221,-1.4365617077938204,58.625,-0.26369306314355984,30.362564155402893,-17.099163380936435,0.10773614815900419
2024-05-06 14:55:00-04:00,58.85499954223633,58.93000030517578,58.85499954223633,58.915000915527344,58.915000915527344,9643,58.880001068115234,41.463655272360924,10.492493383837957,14.569040194663236,59.099998474121094,-0.01692122505022803,48.732751358221,-1.4365617077938204,58.58000183105469,-0.07675593849946695,28.265571830417596,-6.906506032403545,0.10446260963704908
2024-05-06 15:00:00-04:00,58.880001068115234,58.90999984741211,58.84000015258789,58.904998779296875,58.904998779296875,7947,58.900001525878906,40.93100705904343,19.763353399010526,13.052264179695468,59.08000183105469,-0.033835268329427196,48.42317773688329,-0.6352475752130677,58.39500045776367,-0.31580977724200393,23.710010370416203,-16.116997339848577,0.10151642496728948
2024-05-06 15:05:00-04:00,58.900001525878906,58.91999816894531,58.81999969482422,58.81999969482422,58.81999969482422,12760,58.81999969482422,36.62516012343937,19.763353399010526,16.673066727286315,59.08000183105469,-0.033835268329427196,46.51276464888102,-3.9452451848221766,58.380001068115234,-0.025686085334114105,23.710010370416203,-16.116997339848577,0.1013646298826699
2024-05-06 15:10:00-04:00,58.81999969482422,58.8650016784668,58.779998779296875,58.83000183105469,58.83000183105469,11811,58.790000915527344,37.45890814652408,11.43905167647925,16.988586158166743,59.040000915527344,-0.06770635458294409,43.15180037498737,-7.225896588313217,58.380001068115234,-0.025686085334114105,23.710010370416203,-16.116997339848577,0.0997284568113951
2024-05-06 15:15:00-04:00,58.790000915527344,58.790000915527344,58.625,58.665000915527344,58.665000915527344,16068,58.665000915527344,30.362564155402893,2.1681916613066803,11.123532245598795,58.953399658203125,-0.1466823441417713,41.463655272360924,-3.91210815761227,58.380001068115234,-0.025686085334114105,23.710010370416203,-16.116997339848577,0.11025579423572433
2024-05-06 15:20:00-04:00,58.665000915527344,58.665000915527344,58.58000183105469,58.60499954223633,58.60499954223633,11388,58.61000061035156,28.265571830417596,2.1681916613066803,5.258478333030847,58.93000030517578,-0.039691269991225735,41.463655272360924,-3.91210815761227,58.337501525878906,-0.07279811829181283,23.710010370416203,-16.116997339848577,0.10773012325941753
2024-05-06 15:25:00-04:00,58.61000061035156,58.61000061035156,58.39500045776367,58.45000076293945,58.45000076293945,25263,58.43000030517578,23.710010370416203,0.0,1.4454611075377632,58.91999816894531,-0.01697291053567205,40.93100705904343,-1.284614706105154,58.290000915527344,-0.08142379962997029,23.710010370416203,-16.116997339848577,0.11845712619226485
2024-05-06 15:30:00-04:00,58.43000030517578,58.502498626708984,58.380001068115234,58.47999954223633,58.47999954223633,22653,58.48500061035156,26.189499854705172,3.3029814566109548,1.823724372639188,58.91999816894531,-0.01697291053567205,37.45890814652408,-8.482808418348489,58.2400016784668,-0.08577669630337582,23.710010370416203,-16.116997339848577,0.11886116943241336
2024-05-06 15:35:00-04:00,58.48500061035156,58.595001220703125,58.38999938964844,58.595001220703125,58.595001220703125,49033,58.630001068115234,34.92156726585741,18.238138375012134,7.180373277207672,58.8650016784668,-0.0933409575486076,37.45890814652408,-8.482808418348489,58.2400016784668,-0.08577669630337582,23.710010370416203,-16.116997339848577,0.12747523559464077
2024-05-06 15:40:00-04:00,58.630001068115234,58.630001068115234,58.415000915527344,58.41999816894531,58.41999816894531,28225,58.38999938964844,29.25057050599057,25.71129368180925,15.750804504477422,58.790000915527344,-0.12741146827638483,34.92156726585741,-6.773664813564824,58.119998931884766,-0.2060486660775632,23.710010370416203,-16.116997339848577,0.13622772729396576
2024-05-06 15:45:00-04:00,58.38999938964844,58.470001220703125,58.337501525878906,58.459999084472656,58.459999084472656,30437,58.470001220703125,31.96998394142557,34.48283835500909,26.1440901372768,58.665000915527344,-0.2126211907695099,34.92156726585741,-6.773664813564824,58.119998931884766,-0.2060486660775632,23.710010370416203,-16.116997339848577,0.13585492404699107
2024-05-06 15:50:00-04:00,58.470001220703125,58.470001220703125,58.290000915527344,58.369998931884766,58.369998931884766,48260,58.380001068115234,29.24615935074661,29.039518314845875,29.744550117221383,58.630001068115234,-0.05966052478633079,40.67319698511156,16.470136278440968,58.119998931884766,-0.2060486660775632,23.710010370416203,-16.116997339848577,0.14026946215987007
2024-05-06 15:55:00-04:00,58.380001068115234,58.439998626708984,58.2400016784668,58.290000915527344,58.290000915527344,126394,58.349998474121094,27.040811527364838,27.8201044704264,30.447487046760433,58.630001068115234,-0.05966052478633079,40.67319698511156,16.470136278440968,58.119998931884766,-0.2060486660775632,26.189499854705172,10.457563896229727,0.14624221076810182
2024-05-07 09:30:00-04:00,58.349998474121094,58.349998474121094,58.34000015258789,58.34000015258789,58.34000015258789,8554,58.489898681640625,30.564972271068854,28.616103310771162,28.49190869868112,58.630001068115234,-0.05966052478633079,40.67319698511156,16.470136278440968,58.119998931884766,-0.2060486660775632,27.040811527364838,3.2505839263162564,0.13761774555066664
2024-05-07 09:35:00-04:00,58.489898681640625,58.489898681640625,58.119998931884766,58.220001220703125,58.220001220703125,8925,58.220001220703125,27.172585473652187,25.82650162801925,27.42090313640558,58.630001068115234,-0.05966052478633079,41.82931355455802,2.8424531513213913,58.119998931884766,-0.2060486660775632,27.040811527364838,3.2505839263162564,0.1608459459711859
2024-05-07 09:40:00-04:00,58.220001220703125,58.46139907836914,58.220001220703125,58.2599983215332,58.2599983215332,3466,58.32500076293945,29.962851615206652,34.732378404654945,29.724994447815096,58.560001373291016,-0.11939227963324514,44.75176640833278,6.986614422832923,58.119998931884766,-0.2060486660775632,27.040811527364838,3.2505839263162564,0.16890113714066887
2024-05-07 09:45:00-04:00,58.32500076293945,58.47200012207031,58.2599983215332,58.435001373291016,58.435001373291016,9251,58.45000076293945,40.67319698511156,55.195186767832695,38.58468893350227,58.560001373291016,-0.11939227963324514,44.75176640833278,6.986614422832923,58.119998931884766,-0.2060486660775632,27.040811527364838,3.2505839263162564,0.1732112034803129
2024-05-07 09:50:00-04:00,58.45000076293945,58.5099983215332,58.2599983215332,58.310001373291016,58.310001373291016,7735,58.290000915527344,36.392310394943465,73.41417325982619,54.44724614410458,58.560001373291016,-0.11939227963324514,44.75176640833278,6.986614422832923,58.119998931884766,-0.2060486660775632,27.040811527364838,3.2505839263162564,0.1808900831322816
2024-05-07 09:55:00-04:00,58.290000915527344,58.380001068115234,58.28499984741211,58.369998931884766,58.369998931884766,3596,58.43000030517578,39.67429161639488,89.62499975425047,72.74478659396975,58.560001373291016,-0.11939227963324514,44.75176640833278,6.986614422832923,58.119998931884766,-0.2060486660775632,27.172585473652187,0.4873150576638455,0.17230119688936596
2024-05-07 10:00:00-04:00,58.43000030517578,58.560001373291016,58.36000061035156,58.40999984741211,58.40999984741211,20367,58.3849983215332,41.82931355455802,89.62499975425047,84.22139092277568,58.560001373291016,-0.11939227963324514,44.75176640833278,6.986614422832923,58.119998931884766,-0.2060486660775632,27.172585473652187,0.4873150576638455,0.1750711534943747
2024-05-07 10:05:00-04:00,58.3849983215332,58.47999954223633,58.3849983215332,58.46500015258789,58.46500015258789,4376,58.45000076293945,44.75176640833278,98.03711140010424,92.42903696953503,58.560001373291016,-0.11939227963324514,44.75176640833278,6.986614422832923,58.220001220703125,0.17206175267752438,29.962851615206652,10.268681072914603,0.16706416021524972
2024-05-07 10:10:00-04:00,58.45000076293945,58.5,58.38999938964844,58.415000915527344,58.415000915527344,10285,58.3849983215332,42.65386683194604,96.05159708499372,94.57123607978276,58.560001373291016,-0.11939227963324514,48.39227622316537,8.134896356079317,58.2599983215332,0.06869993128041209,36.392310394943465,21.458100391465255,0.16135780522888102
2024-05-07 10:15:00-04:00,58.3849983215332,58.43000030517578,58.35499954223633,58.38999938964844,58.38999938964844,4373,58.375,41.603615105838536,90.12654236857219,94.73841695122337,58.560001373291016,-0.11939227963324514,50.80237809470115,4.980344095453118,58.2599983215332,0.06869993128041209,36.392310394943465,21.458100391465255,0.15272210099993824
2024-05-07 10:20:00-04:00,58.375,58.52000045776367,58.349998474121094,58.38999938964844,58.38999938964844,19494,58.400001525878906,41.60361510583854,84.20148765215066,90.12654236857217,58.560001373291016,-0.11939227963324514,50.80237809470115,4.980344095453118,58.28499984741211,0.04291370854651322,39.67429161639488,9.018337076800249,0.15445008926420223
2024-05-07 10:25:00-04:00,58.400001525878906,58.407501220703125,58.349998474121094,58.375,58.375,12161,58.36000061035156,40.90286184173493,80.90596612892904,85.0779987165506,58.560001373291016,-0.11939227963324514,50.80237809470115,4.980344095453118,58.34000015258789,0.09436442535775917,40.90286184173493,3.0966406085303855,0.14475535499598513
2024-05-07 10:30:00-04:00,58.36000061035156,58.439998626708984,58.34000015258789,58.42499923706055,58.42499923706055,19085,58.400001525878906,44.27246214582899,85.92893460225959,83.67879612777973,58.560001373291016,-0.11939227963324514,50.80237809470115,4.980344095453118,58.34000015258789,0.09436442535775917,40.90286184173493,3.0966406085303855,0.14027966690849597
2024-05-07 10:35:00-04:00,58.400001525878906,58.5,58.369998931884766,58.4900016784668,58.4900016784668,11917,58.459999084472656,48.39227622316537,91.8539893186811,86.22963001662322,58.56999969482422,0.017073636097562184,53.86795564279606,6.0343189887299085,58.34000015258789,0.09436442535775917,40.90286184173493,3.0966406085303855,0.1392518070291698
2024-05-07 10:40:00-04:00,58.459999084472656,58.529998779296875,58.459999084472656,58.529998779296875,58.529998779296875,4337,58.5,50.80237809470115,99.09791375690898,92.2936125592832,58.720001220703125,0.25610641396701556,60.75888279929723,12.792256684466764,58.34000015258789,0.09436442535775917,40.90286184173493,3.0966406085303855,0.1323265958086747
2024-05-07 10:45:00-04:00,58.5,58.52000045776367,58.45000076293945,58.45500183105469,58.45500183105469,9785,58.45500183105469,46.4244628902457,92.99741733773203,94.64977347110734,58.91999816894531,0.34059425082517514,66.5398991084022,9.514685002028756,58.34000015258789,0.09436442535775917,40.90286184173493,3.0966406085303855,0.12709373786354944
2024-05-07 10:50:00-04:00,58.45500183105469,58.560001373291016,58.44499969482422,58.44499969482422,58.44499969482422,10171,58.439998626708984,45.856889852155824,81.55752603953805,91.21761904472633,58.91999816894531,0.34059425082517514,66.5398991084022,9.514685002028756,58.34000015258789,0.09436442535775917,40.90286184173493,3.0966406085303855,0.1258845319238742
2024-05-07 10:55:00-04:00,58.439998626708984,58.523399353027344,58.41999816894531,58.47999954223633,58.47999954223633,12758,58.5,48.24148546875753,75.63367548518643,83.39620628748548,58.91999816894531,0.34059425082517514,66.5398991084022,9.514685002028756,58.34000015258789,0.09436442535775917,44.27246214582899,8.238055119790934,0.1236361971396899
2024-05-07 11:00:00-04:00,58.5,58.56999969482422,58.470001220703125,58.56999969482422,58.56999969482422,8929,58.56999969482422,53.86795564279606,82.63625814745437,79.94248655739293,58.91999816894531,0.34059425082517514,66.5398991084022,9.514685002028756,58.369998931884766,0.05142060201990639,45.856889852155824,3.578810912092242,0.1212724248378303
2024-05-07 11:05:00-04:00,58.56999969482422,58.720001220703125,58.54999923706055,58.70500183105469,58.70500183105469,35345,58.68000030517578,60.75888279929723,94.07614944564834,84.11536102609637,58.91999816894531,0.34059425082517514,66.5398991084022,9.514685002028756,58.41999816894531,0.08565913650074553,45.856889852155824,3.578810912092242,0.12614538071830508
2024-05-07 11:10:00-04:00,58.68000030517578,58.91999816894531,58.68000030517578,58.849998474121094,58.849998474121094,37737,58.869998931884766,66.5398991084022,100.0,92.23746919770088,58.91999816894531,0.34059425082517514,66.5398991084022,9.514685002028756,58.41999816894531,0.08565913650074553,45.856889852155824,3.578810912092242,0.1375306290234277
2024-05-07 11:15:00-04:00,58.869998931884766,58.91999816894531,58.77000045776367,58.77000045776367,58.77000045776367,12541,58.78499984741211,61.1842918311896,93.03662741069294,95.70425895211373,58.91999816894531,0.34059425082517514,66.5398991084022,9.514685002028756,58.41999816894531,0.08565913650074553,45.856889852155824,3.578810912092242,0.13877733723924898
2024-05-07 11:20:00-04:00,58.78499984741211,58.90999984741211,58.77000045776367,58.84000015258789,58.84000015258789,28650,58.84000015258789,63.92073175104527,89.63118014038464,94.22260251702585,58.91999816894531,0.34059425082517514,66.5398991084022,9.514685002028756,58.41999816894531,0.08565913650074553,48.24148546875753,5.200081436594861,0.13889954248016784
2024-05-07 11:25:00-04:00,58.84000015258789,58.84000015258789,58.630001068115234,58.630001068115234,58.630001068115234,30805,58.61000061035156,52.06273514398251,70.80793909549398,84.49191554885716,58.91999816894531,0.34059425082517514,66.5398991084022,9.514685002028756,58.470001220703125,0.08559235420242266,49.62941705253219,2.877049846803578,0.14600949667941668
2024-05-07 11:30:00-04:00,58.61000061035156,58.63999938964844,58.55500030517578,58.599998474121094,58.599998474121094,8122,58.56999969482422,50.61795984603235,57.069570558274364,72.50289659805098,58.91999816894531,0.34059425082517514,66.5398991084022,9.514685002028756,58.52000045776367,0.08551263214758252,49.62941705253219,2.877049846803578,0.13990845545874064
2024-05-07 11:35:00-04:00,58.56999969482422,58.65999984741211,58.55500030517578,58.58000183105469,58.58000183105469,8070,58.58000183105469,49.62941705253219,35.160800653831174,54.346103435866475,58.91999816894531,0.34059425082517514,66.5398991084022,9.514685002028756,58.290000915527344,-0.3930272392980044,45.10724447353541,-9.111879299751015,0.1364175641364994
2024-05-07 11:40:00-04:00,58.58000183105469,58.61000061035156,58.540000915527344,58.61000061035156,58.61000061035156,12665,58.59000015258789,51.17008131988029,29.213600740635844,40.481323984247105,58.91999816894531,0.34059425082517514,63.92073175104527,-3.9362358411303915,58.290000915527344,-0.3930272392980044,35.42268385462055,-21.47007810374413,0.1297757772052713
2024-05-07 11:45:00-04:00,58.59000015258789,58.6349983215332,58.540000915527344,58.599998474121094,58.599998474121094,6663,58.560001373291016,50.61420608242765,24.24903636866108,29.541145921042673,58.90999984741211,-0.016969317454040407,63.92073175104527,-3.9362358411303915,58.15999984741211,-0.2230246458627256,31.909402348632227,-9.91816859616652,0.1262979400853301
2024-05-07 11:50:00-04:00,58.560001373291016,58.599998474121094,58.52000045776367,58.599998474121094,58.599998474121094,18149,58.54999923706055,50.614206082427636,23.896948044911152,25.786528384736002,58.84000015258789,-0.11882480904011376,52.06273514398251,-18.55109646311089,58.13999938964844,-0.03438868262748425,31.909402348632227,-9.91816859616652,0.12166794771253928
2024-05-07 11:55:00-04:00,58.54999923706055,58.599998474121094,58.529998779296875,58.599998474121094,58.599998474121094,7648,58.599998474121094,50.61420608242765,23.001083504495753,23.71568930602264,58.65999984741211,-0.30591486184397043,51.17008131988029,-1.7145734307533647,58.13999938964844,-0.03438868262748425,31.909402348632227,-9.91816859616652,0.11650112242370722
2024-05-07 12:00:00-04:00,58.599998474121094,58.599998474121094,58.290000915527344,58.5099983215332,58.5099983215332,17020,58.459999084472656,45.10724447353541,15.334055669663815,20.74402907302355,58.65999984741211,-0.30591486184397043,51.17008131988029,-1.7145734307533647,58.119998931884766,-0.03440051251055373,30.055122110856836,-5.811077930937412,0.1358507660407115
2024-05-07 12:05:00-04:00,58.459999084472656,58.470001220703125,58.29999923706055,58.29999923706055,58.29999923706055,6541,58.30500030517578,35.42268385462055,7.6670278348319005,15.3340556696638,58.6349983215332,-0.042621080709070676,51.17008131988029,-1.7145734307533647,58.0,-0.2064675397282809,26.433146048143076,-12.05111078688777,0.14326559788390597
2024-05-07 12:10:00-04:00,58.30500030517578,58.30500030517578,58.15999984741211,58.20000076293945,58.20000076293945,12370,58.16999816894531,31.909402348632227,0.0,7.667027834831882,58.6349983215332,-0.042621080709070676,50.61420608242765,-1.0863286184317122,57.970001220703125,-0.05172203327047414,26.433146048143076,-12.05111078688777,0.14343908387188256
2024-05-07 12:15:00-04:00,58.16999816894531,58.22999954223633,58.13999938964844,58.22999954223633,58.22999954223633,5336,58.244998931884766,34.02345570392432,2.034866714885377,3.2339648499057354,58.599998474121094,-0.05969105212586998,50.61420608242765,-1.0863286184317122,57.970001220703125,-0.05172203327047414,26.433146048143076,-12.05111078688777,0.13809519074348336
2024-05-07 12:20:00-04:00,58.244998931884766,58.275001525878906,58.21500015258789,58.22999954223633,58.22999954223633,5135,58.20000076293945,34.02345570392432,4.236226248897455,2.0903643212609206,58.599998474121094,-0.05969105212586998,50.61420608242765,-1.0863286184317122,57.970001220703125,-0.05172203327047414,26.433146048143076,-12.05111078688777,0.13028580899823658
2024-05-07 12:25:00-04:00,58.20000076293945,58.2400016784668,58.119998931884766,58.119998931884766,58.119998931884766,5605,58.11000061035156,30.055122110856836,4.236226248897455,3.502439737560072,58.599998474121094,-0.05969105212586998,45.10724447353541,-10.88026867382626,57.93000030517578,-0.06900278538041157,26.433146048143076,-12.05111078688777,0.12925750275661604
2024-05-07 12:30:00-04:00,58.11000061035156,58.130001068115234,58.0,58.0,58.0,8377,58.0099983215332,26.433146048143076,2.2013595340120404,3.557937343935627,58.470001220703125,-0.22183832218933944,35.42268385462055,-21.47007810374413,57.90999984741211,-0.03452521605093954,26.433146048143076,-12.05111078688777,0.12933185929247787
2024-05-07 12:35:00-04:00,58.0099983215332,58.06999969482422,57.970001220703125,58.04999923706055,58.04999923706055,6545,58.040000915527344,30.207202284860735,5.085588540993891,3.841058107967772,58.30500030517578,-0.2821975578630911,35.24355419706196,-0.5056919410560828,57.90999984741211,-0.03452521605093954,26.433146048143076,-12.05111078688777,0.12639852077533947
2024-05-07 12:40:00-04:00,58.040000915527344,58.13999938964844,58.040000915527344,58.099998474121094,58.099998474121094,7538,58.06999969482422,33.861191277850544,15.094973492565023,7.4606405225236285,58.275001525878906,-0.05145146923910055,35.24355419706196,-0.5056919410560828,57.90999984741211,-0.03452521605093954,26.433146048143076,-12.05111078688777,0.12375851610991491
2024-05-07 12:45:00-04:00,58.06999969482422,58.1349983215332,58.04999923706055,58.06999969482422,58.06999969482422,6514,58.02000045776367,32.75320268677446,23.611329795673516,14.597297276410785,58.275001525878906,-0.05145146923910055,35.24355419706196,-0.5056919410560828,57.90999984741211,-0.03452521605093954,26.433146048143076,-12.05111078688777,0.11988257294618905
2024-05-07 12:50:00-04:00,58.02000045776367,58.04999923706055,57.93000030517578,57.93000030517578,57.93000030517578,11926,57.959999084472656,28.12755747662145,20.86146933563219,19.855924207956885,58.2400016784668,-0.06005979664636569,40.370311045139545,14.546651054010239,57.90999984741211,-0.03452521605093954,26.433146048143076,-12.05111078688777,0.1218942546164139
2024-05-07 12:55:00-04:00,57.959999084472656,58.01499938964844,57.90999984741211,58.01499938964844,58.01499938964844,4888,58.04999923706055,34.20324987911882,21.56308963632472,22.01196292254345,58.18000030517578,-0.1030243330387816,44.73623451698975,10.814688712624733,57.90999984741211,-0.03452521605093954,26.433146048143076,-12.05111078688777,0.12020478337840532
2024-05-07 13:00:00-04:00,58.04999923706055,58.119998931884766,57.959999084472656,58.029998779296875,58.029998779296875,7110,58.02000045776367,35.24355419706196,25.191786991502557,22.5387819878198,58.18000030517578,-0.1030243330387816,44.73623451698975,10.814688712624733,57.90999984741211,-0.03452521605093954,28.12755747662145,6.410176924806146,0.12418428978177572
2024-05-07 13:05:00-04:00,58.02000045776367,58.040000915527344,57.959999084472656,58.02000045776367,58.02000045776367,11548,57.97999954223633,34.84803060561362,37.8766583272413,28.2105116516895,58.18000030517578,-0.1030243330387816,44.73623451698975,10.814688712624733,57.90999984741211,-0.03452521605093954,28.12755747662145,6.410176924806146,0.1197660439090669
2024-05-07 13:10:00-04:00,57.97999954223633,58.0,57.959999084472656,57.9900016784668,57.9900016784668,5379,58.0099983215332,33.62858494185913,53.84644226427772,38.9716291943405,58.18000030517578,-0.1030243330387816,44.73623451698975,10.814688712624733,57.77000045776367,-0.24175339322625436,28.12755747662145,6.410176924806146,0.11378957684726176
2024-05-07 13:15:00-04:00,58.0099983215332,58.09000015258789,57.970001220703125,58.08000183105469,58.08000183105469,8352,58.04999923706055,40.370311045139545,75.03472193932473,55.58594084361456,58.18000030517578,-0.1030243330387816,44.73623451698975,10.814688712624733,57.72999954223633,-0.0692416742433452,28.12755747662145,6.410176924806146,0.11441051235101214
2024-05-07 13:20:00-04:00,58.04999923706055,58.18000030517578,58.04999923706055,58.14500045776367,58.14500045776367,4883,58.1349983215332,44.73623451698975,93.3474558559667,74.07620668652304,58.18000030517578,-0.1030243330387816,44.73623451698975,10.814688712624733,57.72999954223633,-0.0692416742433452,28.555820846438596,1.5225757521715182,0.11596956792743436
2024-05-07 13:25:00-04:00,58.1349983215332,58.18000030517578,58.119998931884766,58.13999938964844,58.13999938964844,9182,58.13999938964844,44.46646711282445,99.50870330868935,89.29696036799356,58.18000030517578,-0.1030243330387816,44.73623451698975,10.814688712624733,57.72999954223633,-0.0692416742433452,28.555820846438596,1.5225757521715182,0.11037274846379248
2024-05-07 13:30:00-04:00,58.13999938964844,58.13999938964844,57.935001373291016,57.935001373291016,57.935001373291016,9120,57.91999816894531,35.11815319097779,81.99238569853536,91.61618162106379,58.18000030517578,-0.1030243330387816,44.73623451698975,10.814688712624733,57.720001220703125,-0.01731910897710673,28.555820846438596,1.5225757521715182,0.11983527525315543
2024-05-07 13:35:00-04:00,57.91999816894531,57.92499923706055,57.77000045776367,57.77000045776367,57.77000045776367,11315,57.790000915527344,29.704986508810077,54.61768327465381,78.70625742729281,58.18000030517578,-0.1030243330387816,44.73623451698975,10.814688712624733,57.720001220703125,-0.01731910897710673,28.555820846438596,1.5225757521715182,0.12435183928057428
2024-05-07 13:40:00-04:00,57.790000915527344,57.790000915527344,57.72999954223633,57.72999954223633,57.72999954223633,4828,57.755001068115234,28.555820846438596,22.6351639575736,53.08174431025423,58.18000030517578,-0.1030243330387816,44.73623451698975,10.814688712624733,57.689998626708984,-0.05197954497509476,28.555820846438596,1.5225757521715182,0.11791679268161841
2024-05-07 13:45:00-04:00,57.755001068115234,57.869998931884766,57.755001068115234,57.7599983215332,57.7599983215332,10060,57.7681999206543,30.720416992813647,12.02197333916751,29.75827352379828,58.18000030517578,-0.1030243330387816,44.73623451698975,10.814688712624733,57.689998626708984,-0.05197954497509476,28.555820846438596,1.5225757521715182,0.12012505237830032
2024-05-07 13:50:00-04:00,57.7681999206543,57.8650016784668,57.72999954223633,57.72999954223633,57.72999954223633,9554,57.72999954223633,29.74973317765813,9.319021568786424,14.658719621842486,58.18000030517578,-0.1030243330387816,44.46646711282445,-0.6030176814788512,57.689998626708984,-0.05197954497509476,28.555820846438596,1.5225757521715182,0.12161276076351717
2024-05-07 13:55:00-04:00,57.72999954223633,57.790000915527344,57.720001220703125,57.7599983215332,57.7599983215332,19685,57.75,32.061537542155904,16.354935561607707,12.565310156520525,58.13999938964844,-0.06875372175579932,38.98478767096837,-12.327670259810507,57.689998626708984,-0.05197954497509476,28.555820846438596,1.5225757521715182,0.11645145416958733
2024-05-07 14:00:00-04:00,57.75,57.790000915527344,57.720001220703125,57.7599983215332,57.7599983215332,11154,57.76499938964844,32.061537542155904,18.373251099830533,14.682402743408199,57.95500183105469,-0.31819325857558917,46.25087949097757,18.638274706880573,57.689998626708984,-0.05197954497509476,28.555820846438596,1.5225757521715182,0.11180627823505047
2024-05-07 14:05:00-04:00,57.76499938964844,57.779998779296875,57.689998626708984,57.689998626708984,57.689998626708984,11882,57.709999084472656,29.43974083210663,16.93853897199845,17.222241877812206,57.959999084472656,0.008622643879015486,46.25087949097757,18.638274706880573,57.689998626708984,-0.05197954497509476,28.555820846438596,1.5225757521715182,0.1096256656703345
2024-05-07 14:10:00-04:00,57.709999084472656,57.83000183105469,57.69499969482422,57.79999923706055,57.79999923706055,21616,57.79499816894531,38.01738793136109,28.534918921793768,21.28223633120756,57.959999084472656,0.008622643879015486,46.25087949097757,18.638274706880573,57.689998626708984,-0.05197954497509476,29.43974083210663,3.095410881099827,0.11266341953787136
2024-05-07 14:15:00-04:00,57.79499816894531,57.79499816894531,57.7400016784668,57.744998931884766,57.744998931884766,10695,57.744998931884766,35.6817332350699,35.99289819357399,27.155452029122046,57.959999084472656,0.008622643879015486,46.25087949097757,18.638274706880573,57.689998626708984,-0.05197954497509476,29.43974083210663,3.095410881099827,0.10739683344345922
2024-05-07 14:20:00-04:00,57.744998931884766,57.810001373291016,57.72999954223633,57.790000915527344,57.790000915527344,12298,57.790000915527344,38.98478767096837,55.656686427933785,40.06150118110049,57.959999084472656,0.008622643879015486,47.43559539941372,2.561499200609284,57.689998626708984,-0.05197954497509476,29.43974083210663,3.095410881099827,0.10465733320458206
2024-05-07 14:25:00-04:00,57.790000915527344,57.95500183105469,57.7599983215332,57.900001525878906,57.900001525878906,8401,57.91999816894531,46.25087949097757,69.498208493708,53.715931038405245,57.959999084472656,0.008622643879015486,47.43559539941372,2.561499200609284,57.689998626708984,-0.05197954497509476,29.43974083210663,3.095410881099827,0.11369195083627229
2024-05-07 14:30:00-04:00,57.91999816894531,57.959999084472656,57.849998474121094,57.85499954223633,57.85499954223633,7265,57.8401985168457,43.945217607473566,83.80809659977622,69.65433050713932,57.959999084472656,0.008622643879015486,49.49517305099083,4.341839992172973,57.689998626708984,-0.05197954497509476,29.43974083210663,3.095410881099827,0.11332281678780132
2024-05-07 14:35:00-04:00,57.8401985168457,57.869998931884766,57.779998779296875,57.790000915527344,57.790000915527344,5206,57.790000915527344,40.78286317391068,85.3562165635621,79.55417388568209,57.959999084472656,0.008622643879015486,49.49517305099083,4.341839992172973,57.69499969482422,0.008668865027358502,35.6817332350699,21.202606499021307,0.11099055036781025
2024-05-07 14:40:00-04:00,57.790000915527344,57.810001373291016,57.76499938964844,57.810001373291016,57.810001373291016,10980,57.810001373291016,42.16207839286646,77.653875888975,82.27272968410442,57.959999084472656,0.008622643879015486,50.70856143795221,2.4515287292991768,57.72999954223633,0.060663571535210854,35.6817332350699,21.202606499021307,0.10439169369528703
2024-05-07 14:45:00-04:00,57.810001373291016,57.88999938964844,57.810001373291016,57.88999938964844,57.88999938964844,7036,57.90999984741211,47.43559539941372,81.99720120146381,81.66909788466695,57.970001220703125,0.017256964093272903,50.70856143795221,2.4515287292991768,57.72999954223633,0.060663571535210854,38.98478767096837,9.25698988369785,0.1019523259615005
2024-05-07 14:50:00-04:00,57.90999984741211,57.91999816894531,57.810001373291016,57.82500076293945,57.82500076293945,9955,57.810001373291016,43.93077189380946,85.80575032771245,81.81894247271707,57.970001220703125,0.017256964093272903,50.70856143795221,2.4515287292991768,57.7599983215332,0.05196393475618745,40.78286317391068,4.612249060115607,0.10275677293078014
2024-05-07 14:55:00-04:00,57.810001373291016,57.95000076293945,57.810001373291016,57.915000915527344,57.915000915527344,8958,57.88999938964844,49.49517305099083,93.50809100229957,87.10368084382526,57.970001220703125,0.017256964093272903,50.70856143795221,2.4515287292991768,57.76499938964844,0.008658359176873371,40.78286317391068,4.612249060115607,0.10648103460254588
2024-05-07 15:00:00-04:00,57.88999938964844,57.88999938964844,57.810001373291016,57.81999969482422,57.81999969482422,10279,57.86000061035156,44.47747417732295,85.16837399710963,88.16073844237387,57.970001220703125,0.017256964093272903,50.70856143795221,2.4515287292991768,57.76499938964844,0.008658359176873371,40.78286317391068,4.612249060115607,0.10633288536592408
2024-05-07 15:05:00-04:00,57.86000061035156,57.93000030517578,57.849998474121094,57.93000030517578,57.93000030517578,11103,57.91999816894531,50.70856143795221,91.66028299481003,90.1122493314064,57.970001220703125,0.017256964093272903,50.70856143795221,2.4515287292991768,57.76499938964844,0.008658359176873371,42.16207839286646,3.381849903657787,0.10669965786448792
2024-05-07 15:10:00-04:00,57.91999816894531,57.970001220703125,57.86000061035156,57.900001525878906,57.900001525878906,13263,57.90999984741211,49.09053521135819,89.1244485659696,88.65103518596307,58.07500076293945,0.1811273762727283,57.95844711123986,14.29716297938904,57.810001373291016,0.07790527848710155,43.93077189380946,4.194986510063141,0.10702975311319536
2024-05-07 15:15:00-04:00,57.90999984741211,57.90999984741211,57.86000061035156,57.89500045776367,57.89500045776367,7528,57.89500045776367,48.81091722385095,93.25470724218391,91.34647960098783,58.16999816894531,0.16357710677204493,57.95844711123986,14.29716297938904,57.810001373291016,0.07790527848710155,43.93077189380946,4.194986510063141,0.10132670150793052
2024-05-07 15:20:00-04:00,57.89500045776367,57.93000030517578,57.86000061035156,57.90999984741211,57.90999984741211,13594,57.915000915527344,49.73566392331237,91.09657268998073,91.15857616604474,58.16999816894531,0.16357710677204493,58.98626806410137,1.7733755890471032,57.810001373291016,0.07790527848710155,44.47747417732295,1.2444631859303361,0.09819400083955934
2024-05-07 15:25:00-04:00,57.915000915527344,57.959999084472656,57.861900329589844,57.88999938964844,57.88999938964844,10843,57.869998931884766,48.47806614632045,87.29060587528524,90.54729526914996,58.16999816894531,0.16357710677204493,58.98626806410137,1.7733755890471032,57.810001373291016,0.07790527848710155,44.47747417732295,1.2444631859303361,0.09818447624388466
2024-05-07 15:30:00-04:00,57.869998931884766,57.900001525878906,57.849998474121094,57.849998474121094,57.849998474121094,21546,57.880001068115234,45.97424596665496,75.60087892662467,84.6626858306302,58.16999816894531,0.16357710677204493,58.98626806410137,1.7733755890471032,57.849998474121094,0.0691871646426864,45.97424596665496,3.3652355872653215,0.09336633379527744
2024-05-07 15:35:00-04:00,57.880001068115234,58.07500076293945,57.880001068115234,58.05500030517578,58.05500030517578,25708,58.05500030517578,57.95844711123986,77.75901347882782,80.2168327602459,58.16999816894531,0.16357710677204493,58.98626806410137,1.7733755890471032,57.34199905395508,-0.8781321237082946,31.661091263742456,-31.13298413484326,0.10652992929758565
2024-05-07 15:40:00-04:00,58.05500030517578,58.16999816894531,58.0099983215332,58.040000915527344,58.040000915527344,23696,58.04999923706055,56.96281200052836,82.16854638465755,78.50947959670333,58.16999816894531,0.16357710677204493,58.98626806410137,1.7733755890471032,57.34199905395508,-0.8781321237082946,31.661091263742456,-31.13298413484326,0.11187692110903802
2024-05-07 15:45:00-04:00,58.04999923706055,58.13999938964844,57.959999084472656,58.08000183105469,58.08000183105469,32847,58.084999084472656,58.98626806410137,98.06773166229374,85.99843050859302,58.16999816894531,0.16357710677204493,58.98626806410137,1.7733755890471032,57.25,-0.1604392164084008,31.661091263742456,-31.13298413484326,0.11868925951571234
2024-05-07 15:50:00-04:00,58.084999084472656,58.119998931884766,57.97999954223633,58.048301696777344,58.048301696777344,43641,58.040000915527344,56.71069534994943,93.02954341880432,91.08860715525185,58.16999816894531,0.16357710677204493,58.98626806410137,1.7733755890471032,57.25,-0.1604392164084008,30.735886587982602,-2.9222134766383654,0.12082027252898486
2024-05-07 15:55:00-04:00,58.040000915527344,58.040000915527344,57.88999938964844,57.939998626708984,57.939998626708984,87722,57.58000183105469,49.66172125271153,74.31697723689861,88.4714174393322,58.16999816894531,0.16357710677204493,58.98626806410137,1.7733755890471032,57.25,-0.1604392164084008,30.735886587982602,-2.9222134766383654,0.124568475988977
2024-05-08 09:30:00-04:00,57.58000183105469,57.58000183105469,57.34199905395508,57.47999954223633,57.47999954223633,12137,57.564998626708984,31.661091263742456,40.98364390356527,69.44338818642272,58.16999816894531,0.16357710677204493,58.98626806410137,1.7733755890471032,57.25,-0.1604392164084008,30.735886587982602,-2.9222134766383654,0.1719115856654699
2024-05-08 09:35:00-04:00,57.564998626708984,57.619998931884766,57.45500183105469,57.5625,57.5625,1358,57.630001068115234,36.1323610289624,18.142894464891437,44.48117186845175,58.16999816894531,0.16357710677204493,58.98626806410137,1.7733755890471032,57.25,-0.1604392164084008,30.735886587982602,-2.9222134766383654,0.17122013718193071
2024-05-08 09:40:00-04:00,57.630001068115234,57.630001068115234,57.25,57.400001525878906,57.400001525878906,14204,57.2599983215332,31.7288883846811,5.537099746656762,21.55454603837114,58.13999938964844,-0.05157087887427539,58.98626806410137,1.7733755890471032,57.25,-0.1604392164084008,30.735886587982602,-2.9222134766383654,0.19209823027526107
2024-05-08 09:45:00-04:00,57.2599983215332,57.36000061035156,57.2599983215332,57.36000061035156,57.36000061035156,5755,57.415000915527344,30.735886587982602,5.537099746656762,9.739031319401635,58.16999816894531,0.05159748815239263,56.81301324332013,-3.684340257667303,57.25,-0.1604392164084008,30.735886587982602,-2.9222134766383654,0.1868887276823053
2024-05-08 09:50:00-04:00,57.415000915527344,57.7400016784668,57.380001068115234,57.7400016784668,57.7400016784668,10761,57.720001220703125,47.534357224541665,19.903640732819657,10.325946742044374,58.16999816894531,0.05159748815239263,56.81301324332013,-3.684340257667303,57.25,-0.1604392164084008,30.735886587982602,-2.9222134766383654,0.2061999617255982
2024-05-08 09:55:00-04:00,57.720001220703125,57.97999954223633,57.720001220703125,57.89789962768555,57.89789962768555,7068,57.95000076293945,52.67084833264334,45.7025479036012,23.714429461025855,58.16999816894531,0.05159748815239263,56.81301324332013,-3.684340257667303,57.25,-0.1604392164084008,30.735886587982602,-2.9222134766383654,0.2115797977063587
2024-05-08 10:00:00-04:00,57.95000076293945,58.09000015258789,57.86000061035156,58.02000045776367,58.02000045776367,14989,58.09000015258789,56.23871350284817,75.79397272963901,47.13338712201994,58.16999816894531,0.05159748815239263,56.81301324332013,-3.684340257667303,57.25,-0.1604392164084008,30.735886587982602,-2.9222134766383654,0.21342177215935565
2024-05-08 10:05:00-04:00,58.09000015258789,58.130001068115234,57.97999954223633,58.040000915527344,58.040000915527344,35170,58.06999969482422,56.81301324332013,86.7420915796707,69.41287073763695,58.16999816894531,0.05159748815239263,56.81301324332013,-3.684340257667303,57.25,-0.1604392164084008,30.735886587982602,-2.9222134766383654,0.2070797475313107
2024-05-08 10:10:00-04:00,58.06999969482422,58.16999816894531,57.779998779296875,57.875,57.875,25382,57.90140151977539,50.8805942633488,84.62972592210969,82.38859674380645,58.16999816894531,0.05159748815239263,56.81301324332013,-3.684340257667303,57.2599983215332,0.01746431708856441,30.735886587982602,-2.9222134766383654,0.22537171174302334
2024-05-08 10:15:00-04:00,57.90140151977539,57.90140151977539,57.66999816894531,57.71500015258789,57.71500015258789,12142,57.63999938964844,45.87788485621407,72.40472445868691,81.25884732015574,58.16999816894531,0.05159748815239263,56.81301324332013,-3.684340257667303,57.25,-0.017461267597423513,35.08865045738514,14.161829550426646,0.2259748756517288
2024-05-08 10:20:00-04:00,57.63999938964844,57.849998474121094,57.63999938964844,57.7599983215332,57.7599983215332,5842,57.7599983215332,47.442990663852996,61.34879991316292,72.79441676465315,58.16999816894531,0.05159748815239263,56.81301324332013,-3.684340257667303,57.25,-0.017461267597423513,35.08865045738514,14.161829550426646,0.22437729653382155
2024-05-08 10:25:00-04:00,57.7599983215332,57.7599983215332,57.459999084472656,57.560001373291016,57.560001373291016,11792,57.59000015258789,41.674612517261785,51.56208399271057,61.77186945485345,58.16999816894531,0.05159748815239263,56.81301324332013,-3.684340257667303,57.25,-0.017461267597423513,35.08865045738514,14.161829550426646,0.23193949058649407
2024-05-08 10:30:00-04:00,57.59000015258789,57.592498779296875,57.400001525878906,57.40999984741211,57.40999984741211,5369,57.43000030517578,37.94789600043007,42.91447974792357,51.941787884599,58.16999816894531,0.05159748815239263,56.81301324332013,-3.684340257667303,57.25,-0.017461267597423513,35.08865045738514,14.161829550426646,0.22799526686964153
2024-05-08 10:35:00-04:00,57.43000030517578,57.439998626708984,57.29999923706055,57.310001373291016,57.310001373291016,11483,57.310001373291016,35.65860244706647,29.49385682680619,41.32347352248009,58.16999816894531,0.05159748815239263,50.8805942633488,-10.44200728196518,57.25,-0.017461267597423513,35.08865045738514,14.161829550426646,0.21919567914752114
2024-05-08 10:40:00-04:00,57.310001373291016,57.40999984741211,57.25,57.28499984741211,57.28499984741211,8574,57.345001220703125,35.08865045738514,21.07528864772269,31.16120840748413,57.90999984741211,-0.44696291854450504,56.401681048925454,10.851065844475999,57.25,-0.017461267597423513,35.08865045738514,14.161829550426646,0.21327609597397998
2024-05-08 10:45:00-04:00,57.345001220703125,57.380001068115234,57.290000915527344,57.36000061035156,57.36000061035156,6425,57.36000061035156,38.27587560512057,21.49453167377309,24.021225716100634,58.02000045776367,0.18995097675946243,56.401681048925454,10.851065844475999,57.25,-0.017461267597423513,35.08865045738514,14.161829550426646,0.20144860844689444
2024-05-08 10:50:00-04:00,57.36000061035156,57.599998474121094,57.36000061035156,57.560001373291016,57.560001373291016,17379,57.560001373291016,45.90384831517776,34.590613926907714,25.72014474946781,58.02000045776367,0.18995097675946243,57.82939732613487,2.5313363904365636,57.25,-0.017461267597423513,35.08865045738514,14.161829550426646,0.2053035339791581
2024-05-08 10:55:00-04:00,57.560001373291016,57.63999938964844,57.470001220703125,57.5,57.5,10073,57.52000045776367,44.14140730672746,42.91698211891919,33.000709239866644,58.029998779296875,0.017232543009856608,58.34586187978058,0.8930830641949392,57.25,-0.017461267597423513,35.08865045738514,14.161829550426646,0.2017729974757735
2024-05-08 11:00:00-04:00,57.52000045776367,57.720001220703125,57.5,57.654998779296875,57.654998779296875,6629,57.65999984741211,49.531964567416345,55.44038949254521,44.31599517945735,58.04999923706055,0.034465721496460475,58.34586187978058,0.8930830641949392,57.25,-0.017461267597423513,35.08865045738514,14.161829550426646,0.2035958197985087
2024-05-08 11:05:00-04:00,57.65999984741211,57.90999984741211,57.58000183105469,57.88999938964844,57.88999938964844,11770,57.91999816894531,56.401681048925454,68.75399444769074,55.70378868638503,58.16999816894531,0.20671650897827293,58.93235426945419,1.0051996333211324,57.25,-0.017461267597423513,35.08865045738514,14.161829550426646,0.21623603945439998
2024-05-08 11:10:00-04:00,57.91999816894531,58.02000045776367,57.79999923706055,57.79999923706055,57.79999923706055,16875,57.849998474121094,53.40354431961375,82.96559197401403,69.05332530474998,58.277400970458984,0.18463607511510982,61.55930567972754,4.457570790846465,57.290000915527344,0.06987059480758734,38.27587560512057,9.083350616765049,0.21661255757927247
2024-05-08 11:15:00-04:00,57.849998474121094,57.9900016784668,57.810001373291016,57.96500015258789,57.96500015258789,20875,57.939998626708984,57.82939732613487,94.13745578984289,81.9523474038492,58.277400970458984,0.18463607511510982,61.55930567972754,4.457570790846465,57.36000061035156,0.12218483802685137,44.14140730672746,15.324356683880007,0.21395154596197025
2024-05-08 11:20:00-04:00,57.939998626708984,58.029998779296875,57.939998626708984,57.98500061035156,57.98500061035156,12662,57.994998931884766,58.34586187978058,94.76859389417274,90.62388055267654,58.277400970458984,0.18463607511510982,61.55930567972754,4.457570790846465,57.470001220703125,0.19177233120829337,44.14140730672746,15.324356683880007,0.20155640662456226
2024-05-08 11:25:00-04:00,57.994998931884766,58.04999923706055,57.709999084472656,57.849998474121094,57.849998474121094,14370,57.849998474121094,53.57619581759631,93.16388943403683,94.0233130393508,58.277400970458984,0.18463607511510982,61.55930567972754,4.457570790846465,57.5,0.052199023246354434,49.531964567416345,12.212019483727081,0.21540078122089507
2024-05-08 11:30:00-04:00,57.849998474121094,58.16999816894531,57.720001220703125,58.04999923706055,58.04999923706055,26279,58.060001373291016,58.93235426945419,93.16388943403683,93.69879092074878,58.277400970458984,0.18463607511510982,61.55930567972754,4.457570790846465,57.58000183105469,0.1391336192255435,49.14650138916542,-0.7782109625922098,0.23886039792302433
2024-05-08 11:35:00-04:00,58.060001373291016,58.277400970458984,58.060001373291016,58.15999984741211,58.15999984741211,51235,58.140098571777344,61.55930567972754,93.16388943403683,93.16388943403683,58.277400970458984,0.18463607511510982,61.55930567972754,4.457570790846465,57.65999984741211,0.13893368151002117,49.14650138916542,-0.7782109625922098,0.23771453147056562
2024-05-08 11:40:00-04:00,58.140098571777344,58.189998626708984,57.720001220703125,57.9900016784668,57.9900016784668,46759,57.84000015258789,55.63627342293741,92.54138566267794,92.95638817691719,58.277400970458984,0.18463607511510982,61.55930567972754,4.457570790846465,57.65999984741211,0.13893368151002117,49.14650138916542,-0.7782109625922098,0.260942818924095
2024-05-08 11:45:00-04:00,57.84000015258789,58.029998779296875,57.65999984741211,57.869998931884766,57.869998931884766,11501,57.95000076293945,51.84415565146533,80.30752399377322,88.67093303016264,58.277400970458984,0.18463607511510982,61.55930567972754,4.457570790846465,57.65999984741211,0.13893368151002117,49.14650138916542,-0.7782109625922098,0.27184843022016203
2024-05-08 11:50:00-04:00,57.95000076293945,58.0,57.880001068115234,57.95500183105469,57.95500183105469,6489,57.869998931884766,54.224209965153634,69.8063568675235,80.88508884132487,58.277400970458984,0.18463607511510982,61.55930567972754,4.457570790846465,57.65999984741211,0.13893368151002117,49.14650138916542,-0.7782109625922098,0.25766369400966926
2024-05-08 11:55:00-04:00,57.869998931884766,57.939998626708984,57.790000915527344,57.790000915527344,57.790000915527344,7425,57.765201568603516,49.14650138916542,53.51008791421174,67.8746562585028,58.277400970458984,0.18463607511510982,61.55930567972754,4.457570790846465,57.65999984741211,0.13893368151002117,49.14650138916542,-0.7782109625922098,0.2483974161614367
2024-05-08 12:00:00-04:00,57.765201568603516,57.96500015258789,57.765201568603516,57.95000076293945,57.95000076293945,6942,57.95500183105469,53.676459458163414,50.65822941804089,57.99155806659203,58.277400970458984,0.18463607511510982,61.55930567972754,4.457570790846465,57.65999984741211,0.13893368151002117,49.14650138916542,-0.7782109625922098,0.24353753294373054
2024-05-08 12:05:00-04:00,57.95500183105469,58.08000183105469,57.95500183105469,58.05500030517578,58.05500030517578,5272,58.0099983215332,56.42001015966677,47.35833703681532,50.5088847896893,58.189998626708984,-0.14997639272606642,56.42001015966677,-8.34852742946583,57.65999984741211,0.13893368151002117,49.14650138916542,-0.7782109625922098,0.2321838864608809
2024-05-08 12:10:00-04:00,58.0099983215332,58.02000045776367,57.84000015258789,57.88999938964844,57.88999938964844,10198,57.90999984741211,51.28022680024748,43.509791269129636,47.17545257466193,58.08000183105469,-0.18903041459053888,56.42001015966677,-8.34852742946583,57.65999984741211,0.13893368151002117,49.14650138916542,-0.7782109625922098,0.23046551307358185
2024-05-08 12:15:00-04:00,57.90999984741211,57.90999984741211,57.849998474121094,57.849998474121094,57.849998474121094,7263,57.85499954223633,50.08892546149525,27.792962846121792,39.5536970506889,58.08000183105469,-0.18903041459053888,56.42001015966677,-8.34852742946583,57.66999816894531,0.017340134512074352,44.581806826532286,-9.287933898870458,0.21341909909532522
2024-05-08 12:20:00-04:00,57.85499954223633,57.900001525878906,57.81999969482422,57.88999938964844,57.88999938964844,7242,57.90999984741211,51.307134202642615,14.062850409155804,28.45520150813573,58.08000183105469,-0.18903041459053888,56.42001015966677,-8.34852742946583,57.619998931884766,-0.08669887055323497,42.8103126560776,-3.973580921355582,0.2000773722912615
2024-05-08 12:25:00-04:00,57.90999984741211,57.95000076293945,57.82500076293945,57.849998474121094,57.849998474121094,7546,57.82500076293945,49.99306204770127,10.60629935532481,17.487370870200788,58.08000183105469,-0.18903041459053888,56.42001015966677,-8.34852742946583,57.6150016784668,-0.008672775964255452,42.8103126560776,-3.973580921355582,0.19256963506213534
2024-05-08 12:30:00-04:00,57.82500076293945,57.90999984741211,57.82500076293945,57.900001525878906,57.900001525878906,32046,57.91999816894531,51.65977713331051,14.824663003711217,13.16460425606393,58.08000183105469,-0.18903041459053888,56.42001015966677,-8.34852742946583,57.57500076293945,-0.06942795168275386,42.8103126560776,-3.973580921355582,0.18181258000318742
2024-05-08 12:35:00-04:00,57.91999816894531,57.939998626708984,57.849998474121094,57.93000030517578,57.93000030517578,5495,57.90999984741211,52.67878777794846,18.50810026520836,14.646354208081448,58.02000045776367,-0.10330814634880676,52.67878777794846,-6.63102039707326,57.57500076293945,-0.06942795168275386,42.8103126560776,-3.973580921355582,0.17263133726165775
2024-05-08 12:40:00-04:00,57.90999984741211,57.90999984741211,57.66999816894531,57.689998626708984,57.689998626708984,16013,57.66999816894531,44.581806826532286,16.23474704402551,16.52250343764835,57.95000076293945,-0.12064752546007965,52.67878777794846,-6.63102039707326,57.57500076293945,-0.06942795168275386,42.8103126560776,-3.973580921355582,0.18136841715853885
2024-05-08 12:45:00-04:00,57.66999816894531,57.70000076293945,57.619998931884766,57.630001068115234,57.630001068115234,11840,57.630001068115234,42.8103126560776,9.48559865038916,14.74281531987433,57.95000076293945,-0.12064752546007965,53.238614752591914,1.06271802799115,57.57500076293945,-0.06942795168275386,42.8103126560776,-3.973580921355582,0.1712317585481537
2024-05-08 12:50:00-04:00,57.630001068115234,57.66999816894531,57.6150016784668,57.65999984741211,57.65999984741211,9519,57.66999816894531,44.00832207311958,2.934205350574535,9.551517014996387,57.95000076293945,-0.12064752546007965,53.238614752591914,1.06271802799115,57.57500076293945,-0.06942795168275386,42.8103126560776,-3.973580921355582,0.1596082317411899
2024-05-08 12:55:00-04:00,57.66999816894531,57.66999816894531,57.57500076293945,57.6349983215332,57.6349983215332,9341,57.650001525878906,43.19617365336067,3.8792692095895447,5.433024403517732,57.95000076293945,-0.12064752546007965,53.238614752591914,1.06271802799115,57.57500076293945,-0.06942795168275386,42.8103126560776,-3.973580921355582,0.15314714916765687
2024-05-08 13:00:00-04:00,57.650001525878906,57.66999816894531,57.59000015258789,57.66999816894531,57.66999816894531,7199,57.68000030517578,44.733778315986584,8.590286627872173,5.134587062678737,57.95000076293945,-0.12064752546007965,53.238614752591914,1.06271802799115,57.57500076293945,-0.06942795168275386,42.8103126560776,-3.973580921355582,0.14583223588663335
2024-05-08 13:05:00-04:00,57.68000030517578,57.7400016784668,57.68000030517578,57.689998626708984,57.689998626708984,6609,57.720001220703125,45.63932409866753,12.584992180335334,8.351516005932337,57.95000076293945,-0.12064752546007965,53.238614752591914,1.06271802799115,57.5099983215332,-0.11290046121561066,42.8103126560776,-3.973580921355582,0.13824936325011844
2024-05-08 13:10:00-04:00,57.720001220703125,57.93000030517578,57.689998626708984,57.87419891357422,57.87419891357422,50754,57.85499954223633,53.238614752591914,37.18127997826481,19.452186262157426,57.95000076293945,-0.12064752546007965,53.238614752591914,1.06271802799115,57.5099983215332,-0.11290046121561066,40.20818264227561,-6.078278462263406,0.1484245947717863
2024-05-08 13:15:00-04:00,57.85499954223633,57.95000076293945,57.81999969482422,57.869998931884766,57.869998931884766,18747,57.85499954223633,53.05649019793874,65.2214475788293,38.32923991247647,57.95000076293945,-0.12064752546007965,53.238614752591914,1.06271802799115,57.5,-0.01738536224136786,38.65303321539359,-3.8677436399398606,0.1465822421061311
2024-05-08 13:20:00-04:00,57.85499954223633,57.85499954223633,57.75,57.79819869995117,57.79819869995117,7111,57.810001373291016,49.91295606077459,80.99563617994788,61.13278791234732,57.95000076293945,-0.12064752546007965,53.238614752591914,1.06271802799115,57.5,-0.01738536224136786,38.65303321539359,-3.8677436399398606,0.14392391108399455
2024-05-08 13:25:00-04:00,57.810001373291016,57.810001373291016,57.59000015258789,57.724998474121094,57.724998474121094,28550,57.724998474121094,46.86440134208076,68.41289353554899,71.54332576477537,57.95000076293945,-0.12064752546007965,53.238614752591914,1.06271802799115,57.5,-0.01738536224136786,38.65303321539359,-3.8677436399398606,0.15153164204590758
2024-05-08 13:30:00-04:00,57.724998474121094,57.724998474121094,57.5099983215332,57.66999816894531,57.66999816894531,14726,57.67499923706055,44.65735689162146,41.565655354353886,63.65806168995024,57.95000076293945,-0.12064752546007965,53.238614752591914,1.06271802799115,57.5,-0.01738536224136786,38.65303321539359,-3.8677436399398606,0.15787849310010588
2024-05-08 13:35:00-04:00,57.67499923706055,57.68000030517578,57.529998779296875,57.54999923706055,57.54999923706055,8785,57.540000915527344,40.20818264227561,18.86255585019758,42.9470349133668,57.95000076293945,-0.12064752546007965,53.238614752591914,1.06271802799115,57.5,-0.01738536224136786,38.65303321539359,-3.8677436399398606,0.1570907963779859
2024-05-08 13:40:00-04:00,57.540000915527344,57.560001373291016,57.5,57.505001068115234,57.505001068115234,13430,57.529998779296875,38.65303321539359,5.903946837651966,22.11071934740113,57.95000076293945,-0.12064752546007965,53.05649019793874,-0.34209108463759313,57.5,-0.01738536224136786,38.65303321539359,-3.8677436399398606,0.1473818540692889
2024-05-08 13:45:00-04:00,57.529998779296875,57.72999954223633,57.5099983215332,57.650001525878906,57.650001525878906,12418,57.619998931884766,45.912633834030174,16.590815160213882,13.785772616021129,57.85499954223633,-0.16393653054769375,49.91295606077459,-5.924881433801062,57.4900016784668,-0.017388385275135868,38.65303321539359,-3.8677436399398606,0.15514351607446936
2024-05-08 13:50:00-04:00,57.619998931884766,57.68000030517578,57.584999084472656,57.584999084472656,57.584999084472656,12477,57.59000015258789,43.43139596054653,27.51110364960652,16.668621882490775,57.810001373291016,-0.07777749425520632,46.86440134208076,-6.1077422763377776,57.44499969482422,-0.07827793064656297,38.65303321539359,-3.8677436399398606,0.14912928653733493
2024-05-08 13:55:00-04:00,57.59000015258789,57.665000915527344,57.59000015258789,57.650001525878906,57.650001525878906,6615,57.645999908447266,46.54260146131449,45.54162286659202,29.88118055880413,57.72999954223633,-0.13838752664629653,46.827858596174764,-0.07797548855741936,57.44499969482422,-0.07827793064656297,38.65303321539359,-3.8677436399398606,0.1422165409890702
2024-05-08 14:00:00-04:00,57.645999908447266,57.654998779296875,57.61000061035156,57.619998931884766,57.619998931884766,8388,57.63999938964844,45.30407768145196,44.150851779802906,39.06785943200047,57.72999954223633,-0.13838752664629653,46.827858596174764,-0.07797548855741936,57.44499969482422,-0.07827793064656297,38.65303321539359,-3.8677436399398606,0.1324947037846944
2024-05-08 14:05:00-04:00,57.63999938964844,57.650001525878906,57.61000061035156,57.650001525878906,57.650001525878906,9492,57.63999938964844,46.827858596174764,51.91299831464411,47.20182432034633,57.72999954223633,-0.13838752664629653,46.827858596174764,-0.07797548855741936,57.40999984741211,-0.060927578724076226,38.40101953597785,-0.6519894001885858,0.12324532495895935
2024-05-08 14:10:00-04:00,57.63999938964844,57.650001525878906,57.4900016784668,57.4900016784668,57.4900016784668,12673,57.48500061035156,40.368932802051106,37.80393075474286,44.622593616396614,57.72999954223633,-0.13838752664629653,46.827858596174764,-0.07797548855741936,57.40999984741211,-0.060927578724076226,38.40101953597785,-0.6519894001885858,0.12692077720427436
2024-05-08 14:15:00-04:00,57.48500061035156,57.58000183105469,57.44499969482422,57.524898529052734,57.524898529052734,10816,57.529998779296875,42.24018840435313,30.8018347252157,40.17292126486754,57.68000030517578,-0.08660876053526817,46.827858596174764,-0.07797548855741936,57.40999984741211,-0.060927578724076226,38.40101953597785,-0.6519894001885858,0.1277289131068938
2024-05-08 14:20:00-04:00,57.529998779296875,57.54999923706055,57.5,57.529998779296875,57.529998779296875,8763,57.560001373291016,42.524069503030105,21.07798117746961,29.894582219142706,57.665000915527344,-0.026004489544171457,50.005010146702986,6.7847466140332005,57.40999984741211,-0.060927578724076226,38.40101953597785,-0.6519894001885858,0.1199559455022591
2024-05-08 14:25:00-04:00,57.560001373291016,57.560001373291016,57.474998474121094,57.474998474121094,57.474998474121094,10766,57.459999084472656,40.22793789165636,21.81880147934708,24.566205794010784,57.689998626708984,0.043349884305489604,50.005010146702986,6.7847466140332005,57.40999984741211,-0.060927578724076226,38.40101953597785,-0.6519894001885858,0.11646064086902538
2024-05-08 14:30:00-04:00,57.459999084472656,57.4900016784668,57.40999984741211,57.43000030517578,57.43000030517578,15070,57.435001373291016,38.40101953597785,13.62085343544944,18.839212030755363,57.689998626708984,0.043349884305489604,50.005010146702986,6.7847466140332005,57.40999984741211,-0.060927578724076226,38.40101953597785,-0.6519894001885858,0.1128147598875916
2024-05-08 14:35:00-04:00,57.435001373291016,57.52000045776367,57.41999816894531,57.470001220703125,57.470001220703125,15952,57.47999954223633,40.9675246597104,14.814378837941982,16.75134458424615,57.689998626708984,0.043349884305489604,50.005010146702986,6.7847466140332005,57.40999984741211,-0.060927578724076226,38.40101953597785,-0.6519894001885858,0.11153351278066839
2024-05-08 14:40:00-04:00,57.47999954223633,57.56999969482422,57.47999954223633,57.54499816894531,57.54499816894531,22901,57.529998779296875,45.54829421452066,38.42397579481941,22.286402689403598,57.70000076293945,0.017337730054717004,53.922656021413985,7.834506708862859,57.40999984741211,-0.060927578724076226,38.40101953597785,-0.6519894001885858,0.11038000891471093
2024-05-08 14:45:00-04:00,57.529998779296875,57.650001525878906,57.5099983215332,57.625,57.625,18362,57.619998931884766,50.005010146702986,71.75730912815274,41.66522125363803,57.790000915527344,0.1559794651609389,53.922656021413985,7.834506708862859,57.40999984741211,-0.060927578724076226,38.40101953597785,-0.6519894001885858,0.11334232845781016
2024-05-08 14:50:00-04:00,57.619998931884766,57.689998626708984,57.5099983215332,57.52000045776367,57.52000045776367,18147,57.470001220703125,44.820022818149795,80.04427060507379,63.40851850934863,57.790000915527344,0.1559794651609389,56.98723610612211,5.68328845576729,57.40999984741211,-0.060927578724076226,38.40101953597785,-0.6519894001885858,0.12000812612960728
2024-05-08 14:55:00-04:00,57.470001220703125,57.529998779296875,57.459999084472656,57.459999084472656,57.459999084472656,20101,57.4900016784668,42.13158238429339,62.48872326475515,71.43010099932722,57.790000915527344,0.1559794651609389,56.98723610612211,5.68328845576729,57.40999984741211,-0.060927578724076226,38.40101953597785,-0.6519894001885858,0.11500728299906841
2024-05-08 15:00:00-04:00,57.4900016784668,57.599998474121094,57.439998626708984,57.59000015258789,57.59000015258789,17362,57.60499954223633,49.23637471652375,60.28076034359474,67.60458473780788,57.790000915527344,0.1559794651609389,56.98723610612211,5.68328845576729,57.41999816894531,0.017415644591146646,40.9675246597104,6.683429645215521,0.11950653944037251
2024-05-08 15:05:00-04:00,57.60499954223633,57.70000076293945,57.584999084472656,57.689998626708984,57.689998626708984,24086,57.709999084472656,53.922656021413985,75.17502532102674,65.98150297645886,57.790000915527344,0.1559794651609389,56.98723610612211,5.68328845576729,57.439998626708984,0.03483186764448349,42.13158238429339,2.841415814726497,0.11905605334301494
2024-05-08 15:10:00-04:00,57.709999084472656,57.790000915527344,57.61000061035156,57.67499923706055,57.67499923706055,26850,57.650001525878906,53.13036735925548,96.09056558150549,77.1821170820423,57.790000915527344,0.1559794651609389,56.98723610612211,5.68328845576729,57.439998626708984,0.03483186764448349,42.13158238429339,2.841415814726497,0.12515047852629158
2024-05-08 15:15:00-04:00,57.650001525878906,57.7599983215332,57.650001525878906,57.7599983215332,57.7599983215332,10688,57.7599983215332,56.98723610612211,98.29852850266589,89.85470646839936,57.790000915527344,0.1559794651609389,56.98723610612211,5.68328845576729,57.439998626708984,0.03483186764448349,42.13158238429339,2.841415814726497,0.1236351102390921
2024-05-08 15:20:00-04:00,57.7599983215332,57.78499984741211,57.66999816894531,57.70000076293945,57.70000076293945,20452,57.709999084472656,53.632376392143335,92.2817764267076,95.55695683695963,57.790000915527344,0.1559794651609389,56.98723610612211,5.68328845576729,57.41999816894531,-0.03481973927898368,41.41906402540519,-1.6911739805762027,0.12277176706186257
2024-05-08 15:25:00-04:00,57.709999084472656,57.720001220703125,57.630001068115234,57.66999816894531,57.66999816894531,16233,57.63999938964844,51.984294327436345,85.01075342378536,91.86368611771961,57.790000915527344,0.1559794651609389,56.98723610612211,5.68328845576729,57.290000915527344,-0.22639717443995963,35.60048701966244,-14.048064925305448,0.11949460561446539
2024-05-08 15:30:00-04:00,57.63999938964844,57.779998779296875,57.61800003051758,57.709999084472656,57.709999084472656,33623,57.72999954223633,54.013284728638766,79.67713901072524,85.6565562870727,57.790000915527344,0.1559794651609389,56.98723610612211,5.68328845576729,57.040000915527344,-0.4363763239742633,30.389978107916026,-14.636060761945775,0.12374501993094852
2024-05-08 15:35:00-04:00,57.72999954223633,57.75,57.61000061035156,57.689998626708984,57.689998626708984,26886,57.709999084472656,52.81162665514649,78.2051705515549,80.96435432868849,57.790000915527344,0.1559794651609389,56.98723610612211,5.68328845576729,53.5,-6.206172613443437,6.931683770653842,-77.1908892265761,0.1253704569026974
2024-05-08 15:40:00-04:00,57.709999084472656,57.749000549316406,57.58000183105469,57.595001220703125,57.595001220703125,28589,57.59000015258789,47.41577872639638,67.2616646674438,75.04799140990797,57.78499984741211,-0.008653864052614438,56.98723610612211,5.68328845576729,52.779998779296875,-1.3457966742114487,6.558272723070954,-5.3870179300990415,0.12973328303859955
2024-05-08 15:45:00-04:00,57.59000015258789,57.59000015258789,57.41999816894531,57.470001220703125,57.470001220703125,32954,57.45000076293945,41.41906402540519,39.26194574717057,61.576260322056406,57.78499984741211,-0.008653864052614438,54.013284728638766,-5.218627153535273,52.779998779296875,-1.3457966742114487,6.558272723070954,-5.3870179300990415,0.13426025991052085
2024-05-08 15:50:00-04:00,57.45000076293945,57.45000076293945,57.290000915527344,57.31999969482422,57.31999969482422,77227,57.31999969482422,35.60048701966244,13.417332948965871,39.98031445452673,57.779998779296875,-0.008654613011058694,54.013284728638766,-5.218627153535273,52.779998779296875,-1.3457966742114487,6.558272723070954,-5.3870179300990415,0.13883426443704688
2024-05-08 15:55:00-04:00,57.31999969482422,57.40999984741211,57.040000915527344,57.150001525878906,57.150001525878906,256939,55.70000076293945,30.389978107916026,0.0,17.559759565378794,57.779998779296875,-0.008654613011058694,54.013284728638766,-5.218627153535273,52.439998626708984,-0.6441837068045875,6.558272723070954,-5.3870179300990415,0.16195073118181874
2024-05-09 09:30:00-04:00,55.70000076293945,55.70000076293945,53.5,53.5,53.5,148696,53.540000915527344,6.931683770653842,0.0,4.472444316321938,57.75,-0.051918968381189805,52.81162665514649,-2.224745411299039,52.06999969482422,-0.705566250141578,6.558272723070954,-5.3870179300990415,0.5107558106515275
2024-05-09 09:35:00-04:00,53.540000915527344,53.70000076293945,52.779998779296875,53.25,53.25,135426,53.400001525878906,6.558272723070954,0.0,0.0,57.749000549316406,-0.0017306505343614718,47.41577872639638,-10.217159119116591,52.06999969482422,-0.705566250141578,6.558272723070954,-5.3870179300990415,0.5516804279506327
2024-05-09 09:40:00-04:00,53.400001525878906,54.33000183105469,53.28499984741211,53.58000183105469,53.58000183105469,59945,53.59000015258789,13.204947306279301,4.393424028119921,1.4644746760399547,57.59000015258789,-0.2753301273027794,41.41906402540519,-12.647086818069736,52.06999969482422,-0.705566250141578,6.558272723070954,-5.3870179300990415,0.6045125682610382
2024-05-09 09:45:00-04:00,53.59000015258789,53.630001068115234,52.814998626708984,52.869998931884766,52.869998931884766,79555,52.869998931884766,11.3365363715929,7.551836263186068,3.9817534304353104,57.45000076293945,-0.24309669956155822,35.60048701966244,-14.048064925305448,52.06999969482422,-0.705566250141578,6.558272723070954,-5.3870179300990415,0.6255615555755594
2024-05-09 09:50:00-04:00,52.869998931884766,52.97999954223633,52.439998626708984,52.89860153198242,52.89860153198242,106859,52.79999923706055,11.877480868337964,11.067810542267893,7.671023611191274,57.40999984741211,-0.0696273542143241,33.028326980877296,-7.225069806951005,52.06999969482422,-0.705566250141578,6.558272723070954,-5.3870179300990415,0.6170054915707378
2024-05-09 09:55:00-04:00,52.79999923706055,52.810001373291016,52.06999969482422,52.17499923706055,52.17499923706055,52324,52.17499923706055,10.184584295393604,9.221579050872462,9.280408618775455,55.70000076293945,-2.978573574320848,33.028326980877296,-7.225069806951005,52.06999969482422,-0.705566250141578,6.558272723070954,-5.3870179300990415,0.6381651261294843
2024-05-09 10:00:00-04:00,52.17499923706055,52.9900016784668,52.16999816894531,52.939998626708984,52.939998626708984,98042,52.900001525878906,22.724478371935003,17.41862746905779,12.569339020732697,54.33000183105469,-2.459603075618462,33.028326980877296,-7.225069806951005,52.06999969482422,-0.705566250141578,6.558272723070954,-5.3870179300990415,0.6563489644686843
2024-05-09 10:05:00-04:00,52.900001525878906,53.94990158081055,52.88999938964844,53.70000076293945,53.70000076293945,71142,53.689998626708984,32.767424632862785,32.3124767274889,19.650894415806366,54.43000030517578,0.18405755706037039,42.68738618232861,29.244772849208214,52.06999969482422,-0.705566250141578,10.184584295393604,55.29369889675168,0.6967042871380268
2024-05-09 10:10:00-04:00,53.689998626708984,53.959999084472656,53.619998931884766,53.70500183105469,53.70500183105469,68182,53.66999816894531,32.82928774824803,48.69797612322896,32.8096934399252,55.220001220703125,1.4514071488113185,51.24182752518106,20.039740325899245,52.06999969482422,-0.705566250141578,10.184584295393604,55.29369889675168,0.6610338736830131
2024-05-09 10:15:00-04:00,53.66999816894531,53.7599983215332,53.45000076293945,53.720001220703125,53.720001220703125,31523,53.72999954223633,33.028326980877296,58.93793888752686,46.64946391274822,55.369998931884766,0.2716365589745829,51.24182752518106,20.039740325899245,52.06999969482422,-0.705566250141578,10.184584295393604,55.29369889675168,0.6259302421740868
2024-05-09 10:20:00-04:00,53.72999954223633,54.04999923706055,53.630001068115234,53.630001068115234,53.630001068115234,36755,53.70500183105469,32.407797255600364,65.24501894173721,57.62697798416432,55.369998931884766,0.2716365589745829,51.24182752518106,20.039740325899245,52.06999969482422,-0.705566250141578,10.184584295393604,55.29369889675168,0.6053370348512093
2024-05-09 10:25:00-04:00,53.70500183105469,53.720001220703125,53.40999984741211,53.529998779296875,53.529998779296875,36907,53.529998779296875,31.6952373192099,75.16339226601639,66.44878336509346,55.369998931884766,0.2716365589745829,51.24182752518106,20.039740325899245,52.16999816894531,0.19204623527400105,22.724478371935003,123.1262240346234,0.57580346869519
2024-05-09 10:30:00-04:00,53.529998779296875,54.43000030517578,53.5,54.34000015258789,54.34000015258789,65198,54.39080047607422,42.68738618232861,86.90130218180036,75.76990446318463,55.369998931884766,0.2716365589745829,51.24182752518106,20.039740325899245,52.88999938964844,1.3801058960583068,31.6952373192099,39.476193030480694,0.6112231523432491
2024-05-09 10:35:00-04:00,54.39080047607422,55.220001220703125,54.31999969482422,55.15999984741211,55.15999984741211,34061,55.154998779296875,51.24182752518106,95.51773192341041,85.86080879040902,55.369998931884766,0.2716365589745829,51.24182752518106,20.039740325899245,53.40999984741211,0.9831734992711036,31.6952373192099,39.476193030480694,0.6401009896968148
2024-05-09 10:40:00-04:00,55.154998779296875,55.369998931884766,54.84000015258789,54.93000030517578,54.93000030517578,30125,55.025001525878906,49.031217774312445,98.35091473760403,93.58998294760492,55.369998931884766,0.2716365589745829,51.24182752518106,20.039740325899245,53.40999984741211,0.9831734992711036,31.6952373192099,39.476193030480694,0.6290907686568208
2024-05-09 10:45:00-04:00,55.025001525878906,55.25,54.86000061035156,55.09000015258789,55.09000015258789,27315,55.22999954223633,50.62693110727569,97.85169594814957,97.24011420305465,55.369998931884766,0.2716365589745829,51.24182752518106,20.039740325899245,53.40999984741211,0.9831734992711036,31.6952373192099,39.476193030480694,0.6051816307559824
2024-05-09 10:50:00-04:00,55.22999954223633,55.22999954223633,54.68000030517578,54.77000045776367,54.77000045776367,41660,54.78499984741211,47.42872294985756,94.75593315831125,96.98618128135494,55.369998931884766,0.2716365589745829,51.24182752518106,20.039740325899245,53.40999984741211,0.9831734992711036,31.6952373192099,39.476193030480694,0.5996633913864389
2024-05-09 10:55:00-04:00,54.78499984741211,55.099998474121094,54.779998779296875,54.900001525878906,54.900001525878906,24727,54.904998779296875,48.842612618605244,94.4571567542139,95.68826195355821,55.369998931884766,0.2716365589745829,51.24182752518106,20.039740325899245,53.5,0.16850805625353588,42.68738618232861,34.68075898096074,0.5726968538835372
2024-05-09 11:00:00-04:00,54.904998779296875,54.95000076293945,54.619998931884766,54.70500183105469,54.70500183105469,16264,54.709999084472656,46.80900079046253,91.3574760673859,93.52352199330367,55.369998931884766,0.2716365589745829,51.24182752518106,20.039740325899245,54.31999969482422,1.5327097099518108,43.518303715429084,1.9465177126362727,0.5484273516006521
2024-05-09 11:05:00-04:00,54.709999084472656,54.810001373291016,54.529998779296875,54.56999969482422,54.56999969482422,27074,54.560001373291016,45.39966899031675,87.62446186318007,91.14636489492659,55.369998931884766,0.2716365589745829,50.62693110727569,-1.1999892423883607,54.380001068115234,0.1104590825259757,43.518303715429084,1.9465177126362727,0.521584875840001
2024-05-09 11:10:00-04:00,54.560001373291016,54.560001373291016,54.380001068115234,54.38999938964844,54.38999938964844,31385,54.44499969482422,43.518303715429084,76.40118774867396,85.12770855974662,55.25,-0.21672193281489183,50.62693110727569,-1.1999892423883607,54.380001068115234,0.1104590825259757,43.518303715429084,1.9465177126362727,0.4884262509268994
2024-05-09 11:15:00-04:00,54.44499969482422,54.709999084472656,54.44499969482422,54.470001220703125,54.470001220703125,26793,54.52000045776367,44.616827925867355,68.70229473787282,77.57598144990892,55.22999954223633,-0.03619992355415724,50.34590947041563,-0.5550832940369055,54.380001068115234,0.1104590825259757,43.518303715429084,1.9465177126362727,0.4715835953166313
2024-05-09 11:20:00-04:00,54.52000045776367,54.68000030517578,54.45000076293945,54.505001068115234,54.505001068115234,48838,54.505001068115234,45.11971350143828,65.09086373104768,70.06478207253146,55.099998474121094,-0.23538125872302057,50.34590947041563,-0.5550832940369055,54.380001068115234,0.1104590825259757,43.518303715429084,1.9465177126362727,0.447425190008601
2024-05-09 11:25:00-04:00,54.505001068115234,54.689998626708984,54.380001068115234,54.525001525878906,54.525001525878906,30798,54.459999084472656,45.424675794786054,68.34185202665094,67.37833683185711,55.099998474121094,-0.23538125872302057,51.44362856947805,2.1803540955148857,54.380001068115234,0.1104590825259757,43.518303715429084,1.9465177126362727,0.4336824268671159
2024-05-09 11:30:00-04:00,54.459999084472656,54.71500015258789,54.41999816894531,54.66999816894531,54.66999816894531,19795,54.71500015258789,47.69393707123457,73.58933016809375,69.00734864193076,55.099998474121094,-0.23538125872302057,53.254548735017885,3.520203018132878,54.380001068115234,0.1104590825259757,43.518303715429084,1.9465177126362727,0.41981438254466213
2024-05-09 11:35:00-04:00,54.71500015258789,54.7599983215332,54.61000061035156,54.65999984741211,54.65999984741211,26072,54.630001068115234,47.54712348051909,69.63271240878238,70.52129820117567,55.099998474121094,-0.23538125872302057,53.254548735017885,3.520203018132878,54.380001068115234,0.1104590825259757,43.518303715429084,1.9465177126362727,0.39283271540836
2024-05-09 11:40:00-04:00,54.630001068115234,54.84000015258789,54.61000061035156,54.83000183105469,54.83000183105469,24279,54.810001373291016,50.34590947041563,75.68623943770496,72.96942733819367,55.099998474121094,-0.23538125872302057,53.254548735017885,3.520203018132878,54.380001068115234,0.1104590825259757,44.616827925867355,2.524280858053751,0.37654939809115684
2024-05-09 11:45:00-04:00,54.810001373291016,54.82500076293945,54.63999938964844,54.70000076293945,54.70000076293945,24593,54.720001220703125,48.226739002456206,70.48172228299904,71.93355804316211,55.099998474121094,-0.23538125872302057,53.254548735017885,3.520203018132878,54.380001068115234,0.1104590825259757,45.11971350143828,1.1271208621251294,0.35789470242266613
2024-05-09 11:50:00-04:00,54.720001220703125,55.099998474121094,54.720001220703125,54.88999938964844,54.88999938964844,42765,54.880001068115234,51.44362856947805,84.87854804317966,77.01550325462787,55.099998474121094,-0.23538125872302057,53.254548735017885,3.520203018132878,54.380001068115234,0.1104590825259757,45.424675794786054,0.6758958993346812,0.3621050032985636
2024-05-09 11:55:00-04:00,54.880001068115234,55.029998779296875,54.849998474121094,55.0,55.0,27268,54.959999084472656,53.254548735017885,88.74516849965323,81.36847960861063,55.099998474121094,-0.23538125872302057,53.254548735017885,3.520203018132878,54.41999816894531,0.07355112181770392,43.09122980797544,-5.136956832344535,0.3438945334862854
2024-05-09 12:00:00-04:00,54.959999084472656,54.959999084472656,54.7599983215332,54.790000915527344,54.790000915527344,26682,54.80500030517578,49.46199535542085,87.01568769764717,86.87980141349333,55.099998474121094,-0.23538125872302057,53.254548735017885,3.520203018132878,54.189998626708984,-0.42263790881120794,40.042306207480465,-7.075508436592985,0.33350524798433656
2024-05-09 12:05:00-04:00,54.80500030517578,55.02000045776367,54.730098724365234,54.91999816894531,54.91999816894531,23092,54.91999816894531,51.75260115558591,81.87356984690787,85.87814201473607,55.099998474121094,-0.23538125872302057,53.254548735017885,3.520203018132878,54.189998626708984,-0.42263790881120794,40.042306207480465,-7.075508436592985,0.3291448965257467
2024-05-09 12:10:00-04:00,54.91999816894531,54.95000076293945,54.78499984741211,54.88999938964844,54.88999938964844,37410,54.900001525878906,51.1761612205222,74.75793299952613,81.21573018136037,55.099998474121094,-0.23538125872302057,53.254548735017885,3.520203018132878,54.189998626708984,-0.42263790881120794,40.042306207480465,-7.075508436592985,0.3127304984259064
2024-05-09 12:15:00-04:00,54.900001525878906,54.900001525878906,54.47999954223633,54.619998931884766,54.619998931884766,27244,54.599998474121094,46.18949093000556,63.554077649983675,73.39519349880588,55.099998474121094,-0.23538125872302057,53.254548735017885,3.520203018132878,54.189998626708984,-0.42263790881120794,40.042306207480465,-7.075508436592985,0.32345764694757356
2024-05-09 12:20:00-04:00,54.599998474121094,54.709999084472656,54.41999816894531,54.435001373291016,54.435001373291016,12008,54.439998626708984,43.09122980797544,35.36286216738964,57.8916242722998,55.029998779296875,-0.12704119194684846,53.254548735017885,3.520203018132878,54.189998626708984,-0.42263790881120794,40.042306207480465,-7.075508436592985,0.32011197380555056
2024-05-09 12:25:00-04:00,54.439998626708984,54.439998626708984,54.189998626708984,54.2400016784668,54.2400016784668,21491,54.27000045776367,40.042306207480465,9.14516568143804,36.0207018329371,55.02000045776367,-0.01816885654186975,51.75260115558591,-2.820317916701004,54.189998626708984,-0.42263790881120794,40.042306207480465,-7.075508436592985,0.3131007764249955
2024-05-09 12:30:00-04:00,54.27000045776367,54.459999084472656,54.25,54.439998626708984,54.439998626708984,18320,54.470001220703125,44.38838208063153,10.964769642228427,18.490932497018687,55.02000045776367,-0.01816885654186975,51.75260115558591,-2.820317916701004,54.189998626708984,-0.42263790881120794,40.042306207480465,-7.075508436592985,0.30379043938308187
2024-05-09 12:35:00-04:00,54.470001220703125,54.560001373291016,54.31999969482422,54.34000015258789,54.34000015258789,15103,54.35499954223633,42.72095066297176,17.722755527688747,12.61089695045172,54.95000076293945,-0.1272259073824514,51.1761612205222,-1.1138376085305088,54.189998626708984,-0.42263790881120794,40.042306207480465,-7.075508436592985,0.29741156329145335
2024-05-09 12:40:00-04:00,54.35499954223633,54.40999984741211,54.35499954223633,54.40650177001953,54.40650177001953,9701,54.38999938964844,44.22156303654764,28.266655299325098,18.984726823080738,54.900001525878906,-0.0909904210488536,46.37009853954767,-9.391213733802378,54.189998626708984,-0.42263790881120794,40.042306207480465,-7.075508436592985,0.2746703764447299
2024-05-09 12:45:00-04:00,54.38999938964844,54.404998779296875,54.25,54.359901428222656,54.359901428222656,12736,54.32500076293945,43.364237009320725,25.682826780242024,23.890745869085276,54.709999084472656,-0.34608822609355694,46.836049461788186,1.0048521286689107,54.189998626708984,-0.42263790881120794,40.042306207480465,-7.075508436592985,0.26285351580221006
2024-05-09 12:50:00-04:00,54.32500076293945,54.52000045776367,54.32500076293945,54.48500061035156,54.48500061035156,10824,54.52000045776367,46.37009853954767,34.88930798878838,29.61293002278515,54.6150016784668,-0.17363810563985324,46.836049461788186,1.0048521286689107,54.185001373291016,-0.00922172641559308,40.042306207480465,-7.075508436592985,0.25606813370441095
2024-05-09 12:55:00-04:00,54.52000045776367,54.6150016784668,54.459999084472656,54.470001220703125,54.470001220703125,13558,54.43000030517578,46.054486213159294,39.513612991746584,33.36191592025898,54.6150016784668,-0.17363810563985324,46.836049461788186,1.0048521286689107,54.185001373291016,-0.00922172641559308,41.1784854696947,2.837447114876666,0.24596157973338392
2024-05-09 13:00:00-04:00,54.43000030517578,54.470001220703125,54.38999938964844,54.400001525878906,54.400001525878906,6110,54.38999938964844,44.53117942233267,42.45770672546807,38.953542568667665,54.6150016784668,-0.17363810563985324,46.836049461788186,1.0048521286689107,54.185001373291016,-0.00922172641559308,41.1784854696947,2.837447114876666,0.2293656048655143
2024-05-09 13:05:00-04:00,54.38999938964844,54.439998626708984,54.21500015258789,54.2400016784668,54.2400016784668,16676,54.22999954223633,41.1784854696947,29.727371840909715,37.232897186041434,54.6150016784668,-0.17363810563985324,46.836049461788186,1.0048521286689107,54.185001373291016,-0.00922172641559308,41.1784854696947,2.837447114876666,0.22892889179107226
2024-05-09 13:10:00-04:00,54.22999954223633,54.5099983215332,54.22999954223633,54.45000076293945,54.45000076293945,19351,54.45000076293945,46.836049461788186,33.89754491934795,35.360874495241895,54.6150016784668,-0.17363810563985324,46.836049461788186,1.0048521286689107,54.1349983215332,-0.09228209004431272,40.95935726710673,-0.5321424527602762,0.23403588054165253
2024-05-09 13:15:00-04:00,54.45000076293945,54.56999969482422,54.185001373291016,54.20500183105469,54.20500183105469,15388,54.189998626708984,41.78641585620845,27.79415056550843,30.473022441922012,54.6150016784668,-0.17363810563985324,46.836049461788186,1.0048521286689107,53.959999084472656,-0.3232645099961842,37.44336007921042,-8.584112209006527,0.24913212464080758
2024-05-09 13:20:00-04:00,54.189998626708984,54.380001068115234,54.185001373291016,54.349998474121094,54.349998474121094,13844,54.380001068115234,45.5294179294779,51.48239637654345,37.72469728713326,54.6150016784668,-0.17363810563985324,46.836049461788186,1.0048521286689107,53.66999816894531,-0.5374368429349982,33.544941139836595,-10.41150936007566,0.24371888165914868
2024-05-09 13:25:00-04:00,54.380001068115234,54.400001525878906,54.220001220703125,54.275001525878906,54.275001525878906,20186,54.244998931884766,43.955159889530776,51.34233838725334,43.53962844310172,54.56999969482422,-0.08239857595815323,46.836049461788186,1.0048521286689107,53.650001525878906,-0.037258512667467845,32.23077145438972,-3.9176389666882545,0.23734702401081192
2024-05-09 13:30:00-04:00,54.244998931884766,54.369998931884766,54.220001220703125,54.22999954223633,54.22999954223633,26766,54.21500015258789,42.99450039826522,60.605565701943654,54.476766821913465,54.56999969482422,-0.08239857595815323,46.836049461788186,1.0048521286689107,53.5099983215332,-0.2609565710416064,30.926064311625122,-4.048017108777267,0.2286120927278948
2024-05-09 13:35:00-04:00,54.21500015258789,54.29999923706055,54.1349983215332,54.1349983215332,54.1349983215332,13452,54.16999816894531,40.95935726710673,33.68318768146031,48.54369725688574,54.56999969482422,-0.08239857595815323,46.836049461788186,1.0048521286689107,53.5099983215332,-0.2609565710416064,30.926064311625122,-4.048017108777267,0.2222509750078397
2024-05-09 13:40:00-04:00,54.16999816894531,54.20000076293945,53.959999084472656,53.959999084472656,53.959999084472656,14372,53.970001220703125,37.44336007921042,14.484867817717632,36.25787373370718,54.56999969482422,-0.08239857595815323,45.5294179294779,-2.789798771086184,53.380001068115234,-0.2429401186612558,28.223033645349282,-8.7402995707403,0.2240260453537354
2024-05-09 13:45:00-04:00,53.970001220703125,53.970001220703125,53.66999816894531,53.7400016784668,53.7400016784668,15308,53.75,33.544941139836595,0.0,16.056018499725962,54.400001525878906,-0.3115231260692792,45.5294179294779,-2.789798771086184,53.10499954223633,-0.5151770707684928,24.44893527598864,-13.372405024867186,0.23162374599414312
2024-05-09 13:50:00-04:00,53.75,53.779998779296875,53.650001525878906,53.65999984741211,53.65999984741211,13041,53.619998931884766,32.23077145438972,0.0,4.828289272572525,54.400001525878906,-0.3115231260692792,43.955159889530776,-3.4576722293826556,52.880001068115234,-0.4236860485087554,22.920774637815832,-6.250417946312849,0.22146109673652567
2024-05-09 13:55:00-04:00,53.619998931884766,53.709999084472656,53.5099983215332,53.58000183105469,53.58000183105469,18624,53.560001373291016,30.926064311625122,0.0,0.0,54.369998931884766,-0.055151825648144394,42.99450039826522,-2.185544299417664,52.880001068115234,-0.4236860485087554,21.58415292772608,-5.831485764379563,0.21931506335681838
2024-05-09 14:00:00-04:00,53.560001373291016,53.75,53.560001373291016,53.584999084472656,53.584999084472656,19861,53.56999969482422,31.1136554494921,0.39302600661664217,0.13100866887219512,54.29999923706055,-0.12874691226666202,40.95935726710673,-4.733496406067323,52.869998931884766,-0.018914780689177565,21.58415292772608,-5.831485764379563,0.21638341969203498
2024-05-09 14:05:00-04:00,53.56999969482422,53.599998474121094,53.380001068115234,53.40999984741211,53.40999984741211,23600,53.380001068115234,28.223033645349282,0.39302600661664217,0.26201733774440916,54.20000076293945,-0.184159255112555,37.44336007921042,-8.584112209006527,52.869998931884766,-0.018914780689177565,21.58415292772608,-5.831485764379563,0.21674481832341738
2024-05-09 14:10:00-04:00,53.380001068115234,53.38999938964844,53.10499954223633,53.13999938964844,53.13999938964844,20443,53.130001068115234,24.44893527598864,0.39302600661664217,0.39302600661664217,53.970001220703125,-0.4243533929866581,33.544941139836595,-10.41150936007566,52.790000915527344,-0.1513107962428514,21.58415292772608,-5.831485764379563,0.2255703670086538
2024-05-09 14:15:00-04:00,53.130001068115234,53.25,52.880001068115234,53.01499938964844,53.01499938964844,57938,53.025001525878906,22.920774637815832,0.0,0.2620173377444091,53.779998779296875,-0.35205194943253815,32.23077145438972,-3.9176389666882545,52.75,-0.07577365946886755,21.58415292772608,-5.831485764379563,0.240013223496265
2024-05-09 14:20:00-04:00,53.025001525878906,53.2599983215332,52.900001525878906,52.900001525878906,52.900001525878906,41987,52.869998931884766,21.58415292772608,0.0,0.13100866887219512,53.75,-0.0557805503491817,31.1136554494921,-3.465992138843051,52.75,-0.07577365946886755,21.58415292772608,-5.831485764379563,0.2520115807120682
2024-05-09 14:25:00-04:00,52.869998931884766,53.025001525878906,52.869998931884766,53.01499938964844,53.01499938964844,24499,53.01499938964844,26.21772522770639,6.450227633231166,2.1500758777437032,53.75,-0.0557805503491817,32.25935955742953,3.6823191983895804,52.75,-0.07577365946886755,21.58415292772608,-5.831485764379563,0.24231068204027545
2024-05-09 14:30:00-04:00,53.01499938964844,53.099998474121094,52.974998474121094,53.0,53.0,22947,53.0,26.00190814228559,13.032788150216678,6.4943385944825955,53.599998474121094,-0.27907260628633723,41.7817177863886,29.518125466833716,52.75,-0.07577365946886755,21.58415292772608,-5.831485764379563,0.23057961383624792
2024-05-09 14:35:00-04:00,53.0,53.060001373291016,52.790000915527344,52.86000061035156,52.86000061035156,27372,52.810001373291016,24.01486116683475,16.81710823571638,12.100041339721388,53.38999938964844,-0.39178934785613295,43.904640110375794,5.08098382847914,52.75,-0.07577365946886755,21.58415292772608,-5.831485764379563,0.23452169822899033
2024-05-09 14:40:00-04:00,52.810001373291016,52.880001068115234,52.75,52.84000015258789,52.84000015258789,30755,52.84000015258789,23.735796278604163,14.068593563699917,14.639496649877637,53.540000915527344,0.28095435024108545,49.26840676793617,12.216855995347927,52.75,-0.07577365946886755,21.58415292772608,-5.831485764379563,0.22406963521761472
2024-05-09 14:45:00-04:00,52.84000015258789,53.09000015258789,52.80500030517578,52.810001373291016,52.810001373291016,36191,52.86000061035156,23.298474670329263,11.089243316997322,13.991648372137854,53.72999954223633,0.3548722888681949,52.48382255802315,6.5263238676099595,52.75,-0.07577365946886755,21.58415292772608,-5.831485764379563,0.23016265643706418
2024-05-09 14:50:00-04:00,52.86000061035156,53.18000030517578,52.82500076293945,53.0099983215332,53.0099983215332,52945,52.970001220703125,32.25935955742953,37.055489388151116,20.737775422949436,53.869998931884766,0.260560935866724,55.14598087967766,5.072340755499235,52.75,-0.07577365946886755,23.298474670329263,7.942501836155164,0.24414628398183433
2024-05-09 14:55:00-04:00,52.970001220703125,53.290000915527344,52.959999084472656,53.27000045776367,53.27000045776367,44377,53.255001068115234,41.7817177863886,66.6871097602697,38.27728082180603,53.939998626708984,0.12994189012836063,58.40837554509187,5.9159246301782025,52.75,-0.07577365946886755,23.298474670329263,7.942501836155164,0.25273183868911964
2024-05-09 15:00:00-04:00,53.255001068115234,53.34000015258789,53.06999969482422,53.334999084472656,53.334999084472656,129810,53.334999084472656,43.904640110375794,96.41723282332012,66.71994399058029,53.939998626708984,0.12994189012836063,58.40837554509187,5.9159246301782025,52.75,-0.07577365946886755,23.298474670329263,7.942501836155164,0.2544587005965749
2024-05-09 15:05:00-04:00,53.334999084472656,53.540000915527344,53.310001373291016,53.5099983215332,53.5099983215332,131815,53.4900016784668,49.26840676793617,100.0,87.70144752786325,53.939998626708984,0.12994189012836063,58.40837554509187,5.9159246301782025,52.75,-0.07577365946886755,23.298474670329263,7.942501836155164,0.2520127847605502
2024-05-09 15:10:00-04:00,53.4900016784668,53.72999954223633,53.470001220703125,53.625,53.625,46479,53.625,52.48382255802315,100.0,98.80574427444003,53.939998626708984,0.12994189012836063,58.40837554509187,5.9159246301782025,52.80500030517578,0.10426598137588862,23.298474670329263,7.942501836155164,0.25281133843781556
2024-05-09 15:15:00-04:00,53.625,53.869998931884766,53.58000183105469,53.724998474121094,53.724998474121094,83490,53.755001068115234,55.14598087967766,100.0,100.0,53.939998626708984,0.12994189012836063,58.40837554509187,5.9159246301782025,52.82500076293945,0.03787606788766838,32.25935955742953,38.46125127887452,0.2565299146770418
2024-05-09 15:20:00-04:00,53.755001068115234,53.939998626708984,53.755001068115234,53.85499954223633,53.85499954223633,117083,53.77000045776367,58.40837554509187,100.0,100.0,53.939998626708984,0.12994189012836063,58.40837554509187,5.9159246301782025,52.959999084472656,0.2555576329076254,41.7817177863886,29.518125466833716,0.25237693846812664
2024-05-09 15:25:00-04:00,53.77000045776367,53.84000015258789,53.59000015258789,53.630001068115234,53.630001068115234,40885,53.67900085449219,51.43545019950796,93.6880990735922,97.89603302453071,53.939998626708984,0.12994189012836063,58.40837554509187,5.9159246301782025,53.06999969482422,0.2077050835595909,42.724060402062335,2.2553946213784646,0.2536391835861577
2024-05-09 15:30:00-04:00,53.67900085449219,53.86000061035156,53.630001068115234,53.79999923706055,53.79999923706055,135068,53.79999923706055,55.735241177878855,91.15022580459787,94.94610829273,53.939998626708984,0.12994189012836063,58.40837554509187,5.9159246301782025,53.15999984741211,0.1695876259759393,40.923995117588106,-4.213235510703796,0.25127521945117476
2024-05-09 15:35:00-04:00,53.79999923706055,53.86000061035156,53.54999923706055,53.5786018371582,53.5786018371582,74677,53.599998474121094,49.578709087047365,82.76734211836929,89.20188899885311,53.939998626708984,0.12994189012836063,58.40837554509187,5.9159246301782025,52.869998931884766,-0.5455246733629577,35.579605890665235,-13.059304722245916,0.25714783483515885
2024-05-09 15:40:00-04:00,53.599998474121094,53.619998931884766,53.189998626708984,53.279998779296875,53.279998779296875,78503,53.279998779296875,42.724060402062335,74.18855717720591,82.70204170005768,53.939998626708984,0.12994189012836063,58.40837554509187,5.9159246301782025,52.400001525878906,-0.8889680641215485,30.093087634874998,-15.420401992787939,0.2744330818692211
2024-05-09 15:45:00-04:00,53.279998779296875,53.525001525878906,53.2599983215332,53.349998474121094,53.349998474121094,83219,53.33000183105469,44.655800419409076,63.669738190324054,73.54187916196639,53.939998626708984,0.12994189012836063,58.40837554509187,5.9159246301782025,52.349998474121094,-0.0954256685147564,28.519989415891807,-5.227440394518111,0.2734900941168693
2024-05-09 15:50:00-04:00,53.33000183105469,53.42900085449219,53.189998626708984,53.369998931884766,53.369998931884766,117230,53.369998931884766,45.22425169579103,59.535617156308874,65.7979708412796,53.86000061035156,-0.14830926658164573,55.735241177878855,-4.57662850963785,52.349998474121094,-0.0954256685147564,28.519989415891807,-5.227440394518111,0.2700413074835027
2024-05-09 15:55:00-04:00,53.369998931884766,53.369998931884766,53.15999984741211,53.18000030517578,53.18000030517578,223587,53.47999954223633,40.923995117588106,52.13817251863363,58.447842621755505,53.86000061035156,-0.14830926658164573,55.735241177878855,-4.57662850963785,52.349998474121094,-0.0954256685147564,28.519989415891807,-5.227440394518111,0.26403708518241803
2024-05-10 09:30:00-04:00,53.47999954223633,53.599998474121094,52.869998931884766,52.90129852294922,52.90129852294922,31666,52.79999923706055,35.579605890665235,31.861531441176478,47.84510703870631,53.86000061035156,-0.14830926658164573,50.5308807127442,-9.337647698562844,52.349998474121094,-0.0954256685147564,28.519989415891807,-5.227440394518111,0.31063333088780903
2024-05-10 09:35:00-04:00,52.79999923706055,52.849998474121094,52.400001525878906,52.540000915527344,52.540000915527344,28695,52.47999954223633,30.093087634874998,11.04520282808692,31.68163559596566,53.619998931884766,-0.4456028142351525,50.5308807127442,-9.337647698562844,52.349998474121094,-0.0954256685147564,28.519989415891807,-5.227440394518111,0.3296996975060594
2024-05-10 09:40:00-04:00,52.47999954223633,52.720001220703125,52.349998474121094,52.41999816894531,52.41999816894531,11751,52.41999816894531,28.519989415891807,0.0,14.302244756421112,53.599998474121094,-0.037300369567480056,50.5308807127442,-9.337647698562844,52.349998474121094,-0.0954256685147564,28.519989415891807,-5.227440394518111,0.3337300024136566
2024-05-10 09:45:00-04:00,52.41999816894531,53.25,52.41999816894531,53.25,53.25,17617,53.34000015258789,48.552185674948646,22.341115121285572,11.128772649790813,53.599998474121094,-0.037300369567480056,50.5308807127442,-9.337647698562844,52.349998474121094,-0.0954256685147564,28.519989415891807,-5.227440394518111,0.38335718527775964
2024-05-10 09:50:00-04:00,53.34000015258789,53.54999923706055,53.290000915527344,53.36000061035156,53.36000061035156,15740,53.38999938964844,50.5308807127442,46.88899045286619,23.07670185805057,53.599998474121094,-0.037300369567480056,52.70494241867948,4.302441745067325,52.349998474121094,-0.0954256685147564,28.519989415891807,-5.227440394518111,0.37502139045603833
2024-05-10 09:55:00-04:00,53.38999938964844,53.41999816894531,53.10329818725586,53.2599983215332,53.2599983215332,16074,53.25,48.69723361835852,69.39187180087598,46.20732579167589,53.61000061035156,0.01866070245374715,53.37165133231066,1.2649836676320714,52.349998474121094,-0.0954256685147564,28.519989415891807,-5.227440394518111,0.3691892495793798
2024-05-10 10:00:00-04:00,53.25,53.252498626708984,52.63999938964844,52.709999084472656,52.709999084472656,12065,52.72999954223633,40.082358515666165,61.212385853425054,59.16441603572239,53.65999984741211,0.09326475749170672,56.04115115760412,5.001718625253344,52.349998474121094,-0.0954256685147564,28.519989415891807,-5.227440394518111,0.3942702178099184
2024-05-10 10:05:00-04:00,52.72999954223633,53.26499938964844,52.599998474121094,53.119998931884766,53.119998931884766,20035,53.21500015258789,47.533654291057516,59.952512217181905,63.51892329049429,53.72999954223633,0.13045041935011237,56.04115115760412,5.001718625253344,52.349998474121094,-0.0954256685147564,28.519989415891807,-5.227440394518111,0.42134328758166095
2024-05-10 10:10:00-04:00,53.21500015258789,53.21500015258789,52.97999954223633,53.0,53.0,13666,52.97999954223633,45.74074350016773,63.52877179994477,61.56455662351723,54.06999969482422,0.6327938869990529,61.63363292865124,9.9792414244301,52.41999816894531,0.13371479821307478,40.082358515666165,40.54128117358843,0.4027090198586511
2024-05-10 10:15:00-04:00,52.97999954223633,53.435001373291016,52.875,53.435001373291016,53.435001373291016,9941,53.470001220703125,52.70494241867948,82.70047595944341,68.72725332552335,54.599998474121094,0.9802085857004517,67.4648871770927,9.461156143743604,52.599998474121094,0.34338098333322176,40.082358515666165,40.54128117358843,0.41843825520188754
2024-05-10 10:20:00-04:00,53.470001220703125,53.61000061035156,53.36000061035156,53.47999954223633,53.47999954223633,18796,53.41999816894531,53.37165133231066,92.74580759743928,79.65835178560913,54.7400016784668,0.2564161323412139,67.4648871770927,9.461156143743604,52.599998474121094,0.34338098333322176,40.082358515666165,40.54128117358843,0.4015944296816988
2024-05-10 10:25:00-04:00,53.41999816894531,53.65999984741211,53.41999816894531,53.65999984741211,53.65999984741211,8069,53.56999969482422,56.04115115760412,100.0,91.8154278522942,54.7400016784668,0.2564161323412139,67.4648871770927,9.461156143743604,52.599998474121094,0.34338098333322176,40.082358515666165,40.54128117358843,0.3854351545602086
2024-05-10 10:30:00-04:00,53.56999969482422,53.72999954223633,53.5,53.63999938964844,53.63999938964844,17122,53.70000076293945,55.65984551173019,99.53816672729573,97.42799144157833,54.7400016784668,0.2564161323412139,67.4648871770927,9.461156143743604,52.599998474121094,0.34338098333322176,45.74074350016773,14.116896295635872,0.3698915933278205
2024-05-10 10:35:00-04:00,53.70000076293945,54.06999969482422,53.4900016784668,54.064998626708984,54.064998626708984,38997,54.154998779296875,61.63363292865124,99.53816672729573,99.69211115153047,54.7400016784668,0.2564161323412139,67.4648871770927,9.461156143743604,52.875,0.5228166042898376,45.74074350016773,14.116896295635872,0.39090223563078064
2024-05-10 10:40:00-04:00,54.154998779296875,54.599998474121094,53.97999954223633,54.59000015258789,54.59000015258789,37604,54.650001525878906,67.4648871770927,99.53816672729573,99.53816672729573,54.7400016784668,0.2564161323412139,67.4648871770927,9.461156143743604,52.875,0.5228166042898376,50.51164577681894,10.43031204036662,0.4138119052561791
2024-05-10 10:45:00-04:00,54.650001525878906,54.7400016784668,54.099998474121094,54.130001068115234,54.130001068115234,50599,54.11000061035156,59.003012810524766,92.75739583102447,97.27790976187197,54.7400016784668,0.2564161323412139,67.4648871770927,9.461156143743604,53.36000061035156,0.9172588375443262,50.51164577681894,10.43031204036662,0.4364310351651316
2024-05-10 10:50:00-04:00,54.11000061035156,54.209999084472656,53.95000076293945,54.130001068115234,54.130001068115234,10831,54.06999969482422,59.003012810524766,82.45657656143904,91.58404637325306,54.7400016784668,0.2564161323412139,67.4648871770927,9.461156143743604,53.41999816894531,0.11243920147577882,50.51164577681894,10.43031204036662,0.4187877638019387
2024-05-10 10:55:00-04:00,54.06999969482422,54.5099983215332,54.029998779296875,54.099998474121094,54.099998474121094,15644,54.099998474121094,58.44847247020489,71.48070356547143,82.23155865264496,54.7400016784668,0.2564161323412139,67.4648871770927,9.461156143743604,53.4900016784668,0.13104363893853438,50.51164577681894,10.43031204036662,0.4249089416453776
2024-05-10 11:00:00-04:00,54.099998474121094,54.150001525878906,53.80500030517578,53.92499923706055,53.92499923706055,12648,53.88999938964844,55.190231460689645,63.781108801477636,72.57279630946269,54.7400016784668,0.2564161323412139,67.4648871770927,9.461156143743604,53.4900016784668,0.13104363893853438,50.51164577681894,10.43031204036662,0.4169181695511524
2024-05-10 11:05:00-04:00,53.88999938964844,53.88999938964844,53.654998779296875,53.654998779296875,53.654998779296875,6225,53.650001525878906,50.51164577681894,53.4443874822038,62.902066616384275,54.7400016784668,0.2564161323412139,67.4648871770927,9.461156143743604,53.650001525878906,0.29912103643945054,50.51164577681894,10.43031204036662,0.4022263983724043
2024-05-10 11:10:00-04:00,53.650001525878906,54.04499816894531,53.650001525878906,54.04499816894531,54.04499816894531,15113,53.9900016784668,56.27723973570768,47.254033494706384,54.82650992612926,54.7400016784668,0.2564161323412139,59.003012810524766,-12.542634725462223,53.63999938964844,-0.018643310244164792,49.24695731833457,-2.5037561913390713,0.4015034228418045
2024-05-10 11:15:00-04:00,53.9900016784668,54.04999923706055,53.779998779296875,53.88999938964844,53.88999938964844,13840,53.85499954223633,53.60429684301037,40.92866558252106,47.209028853143735,54.5099983215332,-0.4201741868489396,59.003012810524766,-12.542634725462223,53.63999938964844,-0.018643310244164792,49.24695731833457,-2.5037561913390713,0.38835312633399127
2024-05-10 11:20:00-04:00,53.85499954223633,53.90999984741211,53.70000076293945,53.810001373291016,53.810001373291016,13653,53.82500076293945,52.22557781497389,31.602792878091705,39.9284973184397,54.5099983215332,-0.4201741868489396,58.44847247020489,-0.9398508888023387,53.540000915527344,-0.1864251962321828,49.24695731833457,-2.5037561913390713,0.3705177221478578
2024-05-10 11:25:00-04:00,53.82500076293945,54.0099983215332,53.82500076293945,53.900001525878906,53.900001525878906,12285,53.93000030517578,53.669332588587984,21.64430614106444,31.391921533892386,54.150001525878906,-0.6604234209122817,56.27723973570768,-3.7147809732821204,53.540000915527344,-0.1864251962321828,49.24695731833457,-2.5037561913390713,0.35346564475729075
2024-05-10 11:30:00-04:00,53.93000030517578,54.150001525878906,53.900001525878906,54.029998779296875,54.029998779296875,12601,53.9900016784668,55.74947025686446,19.87711000958643,24.37473634291418,54.150001525878906,-0.6604234209122817,56.27723973570768,-3.7147809732821204,53.540000915527344,-0.1864251962321828,49.24695731833457,-2.5037561913390713,0.3431190802815617
2024-05-10 11:35:00-04:00,53.9900016784668,54.029998779296875,53.63999938964844,53.67499923706055,53.67499923706055,15712,53.689998626708984,49.24695731833457,16.50718996954171,19.342868706730844,54.150001525878906,-0.6604234209122817,56.27723973570768,-3.7147809732821204,53.540000915527344,-0.1864251962321828,49.24695731833457,-2.5037561913390713,0.34780711121824925
2024-05-10 11:40:00-04:00,53.689998626708984,53.849998474121094,53.689998626708984,53.790000915527344,53.790000915527344,33901,53.7599983215332,51.23141439494419,13.929530061407203,16.771276680178435,54.150001525878906,-0.6604234209122817,55.74947025686446,-0.9378027090912047,53.540000915527344,-0.1864251962321828,49.24695731833457,-2.5037561913390713,0.33052632380247904
2024-05-10 11:45:00-04:00,53.7599983215332,53.900001525878906,53.540000915527344,53.900001525878906,53.900001525878906,23582,53.88999938964844,53.11960773807266,10.716745429287293,13.71782182007872,54.150001525878906,-0.6604234209122817,55.74947025686446,-0.9378027090912047,53.540000915527344,-0.1864251962321828,49.24695731833457,-2.5037561913390713,0.33347375245738736
2024-05-10 11:50:00-04:00,53.88999938964844,53.97999954223633,53.779998779296875,53.95500183105469,53.95500183105469,9734,53.939998626708984,54.07700286768423,27.21947221682333,17.288582569172593,54.150001525878906,-0.6604234209122817,55.74947025686446,-0.9378027090912047,53.47999954223633,-0.11206830830220325,44.64817419769338,-9.338207619436163,0.32012645350559393
2024-05-10 11:55:00-04:00,53.939998626708984,54.0,53.880001068115234,54.0,54.0,10337,54.029998779296875,54.88871052748178,42.86458576277116,26.933601136293913,54.150001525878906,-0.6604234209122817,55.74947025686446,-0.9378027090912047,53.279998779296875,-0.3739730079494497,40.323666639745284,-9.685743338126263,0.3001137013435111
2024-05-10 12:00:00-04:00,54.029998779296875,54.029998779296875,53.790000915527344,53.88999938964844,53.88999938964844,14001,53.92499923706055,52.4481771308355,47.375512679768136,39.153190219787525,54.029998779296875,-0.22161171412835615,54.88871052748178,-1.5439783112139973,53.11000061035156,-0.3190656397150089,37.54938568330016,-6.880031474396321,0.2941021175861131
2024-05-10 12:05:00-04:00,53.92499923706055,53.9900016784668,53.720001220703125,53.7599983215332,53.7599983215332,13720,53.70000076293945,49.63910936342842,32.73213293697654,40.99074379317193,54.029998779296875,-0.22161171412835615,54.88871052748178,-1.5439783112139973,53.08000183105469,-0.05648423828304005,37.54938568330016,-6.880031474396321,0.29169195160386896
2024-05-10 12:10:00-04:00,53.70000076293945,53.810001373291016,53.63999938964844,53.79999923706055,53.79999923706055,9383,53.75,50.517308143112146,19.47929246399034,33.19564602691166,54.029998779296875,-0.22161171412835615,54.88871052748178,-1.5439783112139973,53.08000183105469,-0.05648423828304005,37.54938568330016,-6.880031474396321,0.27952295480773987
2024-05-10 12:15:00-04:00,53.75,53.75,53.47999954223633,53.52000045776367,53.52000045776367,8504,53.46500015258789,44.64817419769338,7.882579822412551,20.031335074459797,54.029998779296875,-0.22161171412835615,54.88871052748178,-1.5439783112139973,53.08000183105469,-0.05648423828304005,37.54938568330016,-6.880031474396321,0.28357062880938777
2024-05-10 12:20:00-04:00,53.46500015258789,53.5,53.279998779296875,53.279998779296875,53.279998779296875,15381,53.310001373291016,40.323666639745284,6.023232777668111,11.128368354690322,54.029998779296875,-0.22161171412835615,54.88871052748178,-1.5439783112139973,53.08000183105469,-0.05648423828304005,37.54938568330016,-6.880031474396321,0.2792137337751287
2024-05-10 12:25:00-04:00,53.310001373291016,53.310001373291016,53.11000061035156,53.11000061035156,53.11000061035156,11472,53.16999816894531,37.54938568330016,0.0,4.635270866693539,54.029998779296875,-0.22161171412835615,52.4481771308355,-4.446330353168618,53.08000183105469,-0.05648423828304005,37.54938568330016,-6.880031474396321,0.2712924366915611
2024-05-10 12:30:00-04:00,53.16999816894531,53.380001068115234,53.08000183105469,53.209999084472656,53.209999084472656,21016,53.130001068115234,40.157542258021316,4.776821346038313,3.6000180412354603,53.9900016784668,-0.07402758048072389,50.517308143112146,-3.681479687857727,53.08000183105469,-0.05648423828304005,37.54938568330016,-6.880031474396321,0.27416311672845967
2024-05-10 12:35:00-04:00,53.130001068115234,53.54999923706055,53.099998474121094,53.540000915527344,53.540000915527344,10361,53.540000915527344,47.89167649292694,23.718657884990442,9.49849307700957,53.810001373291016,-0.3333956280419454,50.517308143112146,-3.681479687857727,53.08000183105469,-0.05648423828304005,37.54938568330016,-6.880031474396321,0.291746881349559
2024-05-10 12:40:00-04:00,53.540000915527344,53.689998626708984,53.41999816894531,53.52000045776367,53.52000045776367,18166,53.45000076293945,47.49106586194226,42.830667277863135,23.775382169630614,53.75,-0.11150598728807641,49.0959929042447,-2.813521327860448,53.08000183105469,-0.05648423828304005,37.54938568330016,-6.880031474396321,0.2895722389909703
2024-05-10 12:45:00-04:00,53.45000076293945,53.60499954223633,53.439998626708984,53.59000015258789,53.59000015258789,9505,53.560001373291016,49.0959929042447,60.251186994615416,42.26683738582298,53.689998626708984,-0.11163046193677326,49.0959929042447,-2.813521327860448,53.08000183105469,-0.05648423828304005,37.54938568330016,-6.880031474396321,0.27711510664460764
2024-05-10 12:50:00-04:00,53.560001373291016,53.560001373291016,53.3650016784668,53.3650016784668,53.3650016784668,12194,53.39500045776367,44.39857466534182,54.476316381559705,52.51939021801274,53.689998626708984,-0.11163046193677326,49.0959929042447,-2.813521327860448,53.08000183105469,-0.05648423828304005,37.54938568330016,-6.880031474396321,0.27190344339225625
2024-05-10 12:55:00-04:00,53.39500045776367,53.39500045776367,53.18000030517578,53.279998779296875,53.279998779296875,10262,53.29999923706055,42.73502418103733,45.33324281200091,53.35358206272533,53.689998626708984,-0.11163046193677326,49.0959929042447,-2.813521327860448,53.08000183105469,-0.05648423828304005,40.157542258021316,6.945936737071887,0.2662131143118197
2024-05-10 13:00:00-04:00,53.29999923706055,53.40999984741211,53.279998779296875,53.279998779296875,53.279998779296875,6494,53.290000915527344,42.735024181037325,33.104837572524204,44.30479892202826,53.689998626708984,-0.11163046193677326,49.0959929042447,-2.813521327860448,53.099998474121094,0.03767264954144581,42.735024181037325,6.4184254764773785,0.25259190969216117
2024-05-10 13:05:00-04:00,53.290000915527344,53.599998474121094,53.28010177612305,53.47999954223633,53.47999954223633,18837,53.47999954223633,48.04687548651418,43.424093868476945,40.62072475100067,53.689998626708984,-0.11163046193677326,49.0959929042447,-2.813521327860448,53.18000030517578,0.15066258635332602,42.735024181037325,6.4184254764773785,0.2593326882053669
2024-05-10 13:10:00-04:00,53.47999954223633,53.560001373291016,53.38999938964844,53.39500045776367,53.39500045776367,12924,53.36000061035156,46.090139945245,55.408698376219434,43.97920993907351,53.60499954223633,-0.15831455885039275,49.0959929042447,-2.813521327860448,53.18000030517578,0.15066258635332602,42.735024181037325,6.4184254764773785,0.25039961774908803
2024-05-10 13:15:00-04:00,53.36000061035156,53.380001068115234,53.28499984741211,53.349998474121094,53.349998474121094,7538,53.31999969482422,45.044197164866,64.7047643417233,54.51251886213988,53.599998474121094,-0.009329480753551625,48.927306873881335,-0.3435841101989075,53.18000030517578,0.15066258635332602,42.735024181037325,6.4184254764773785,0.2363597170093355
2024-05-10 13:20:00-04:00,53.31999969482422,53.5,53.31999969482422,53.4900016784668,53.4900016784668,13281,53.470001220703125,48.927306873881335,74.06490403630679,64.7261222514165,53.599998474121094,-0.009329480753551625,48.927306873881335,-0.3435841101989075,53.13999938964844,-0.07521796784091149,40.88089262135519,-4.338669733349223,0.23072377582598008
2024-05-10 13:25:00-04:00,53.470001220703125,53.52000045776367,53.220001220703125,53.310001373291016,53.310001373291016,20269,53.31999969482422,44.5671609688264,72.37063453474163,70.38010097092389,53.599998474121094,-0.009329480753551625,48.927306873881335,-0.3435841101989075,53.099998474121094,-0.07527458785619755,40.88089262135519,-4.338669733349223,0.23765132194943678
2024-05-10 13:30:00-04:00,53.31999969482422,53.31999969482422,53.18000030517578,53.27949905395508,53.27949905395508,9046,53.2400016784668,43.8539746914884,71.30604113588008,72.58052656897614,53.599998474121094,-0.009329480753551625,48.927306873881335,-0.3435841101989075,53.099998474121094,-0.07527458785619755,40.88089262135519,-4.338669733349223,0.22788612871933686
2024-05-10 13:35:00-04:00,53.2400016784668,53.439998626708984,53.2400016784668,53.34000015258789,53.34000015258789,12806,53.334999084472656,45.70974809590672,59.16500447709813,67.61389338257327,53.560001373291016,-0.0746214588968493,48.927306873881335,-0.3435841101989075,53.099998474121094,-0.07527458785619755,40.88089262135519,-4.338669733349223,0.22509721067162194
2024-05-10 13:40:00-04:00,53.334999084472656,53.400001525878906,53.310001373291016,53.3650016784668,53.3650016784668,12060,53.334999084472656,46.49674686986642,58.61825885415715,63.02976815571177,53.52000045776367,-0.07468430638855654,48.927306873881335,-0.3435841101989075,53.099998474121094,-0.07527458785619755,40.88089262135519,-4.338669733349223,0.21158750486324882
2024-05-10 13:45:00-04:00,53.334999084472656,53.34000015258789,53.13999938964844,53.14500045776367,53.14500045776367,9389,53.11000061035156,40.88089262135519,40.417850464200924,52.73370459848539,53.52000045776367,-0.07468430638855654,49.5684008209923,1.3102988659553623,53.099998474121094,-0.07527458785619755,40.88089262135519,-4.338669733349223,0.2129289832587599
2024-05-10 13:50:00-04:00,53.11000061035156,53.22999954223633,53.099998474121094,53.17499923706055,53.17499923706055,11592,53.17499923706055,41.91115811137495,23.89289815612784,40.97633582482862,53.52000045776367,-0.07468430638855654,49.5684008209923,1.3102988659553623,53.099998474121094,-0.07527458785619755,40.88089262135519,-4.338669733349223,0.20463619174440736
2024-05-10 13:55:00-04:00,53.17499923706055,53.310001373291016,53.17499923706055,53.209999084472656,53.209999084472656,12395,53.220001220703125,43.15582883556004,13.604596555310374,25.971781725213035,53.439998626708984,-0.14948025106580945,49.5684008209923,1.3102988659553623,53.099998474121094,-0.07527458785619755,40.88089262135519,-4.338669733349223,0.19767278619301348
2024-05-10 14:00:00-04:00,53.220001220703125,53.220001220703125,53.13999938964844,53.150001525878906,53.150001525878906,12827,53.150001525878906,41.51370697349784,16.22611355357654,17.90786942167157,53.439998626708984,-0.14948025106580945,49.5684008209923,1.3102988659553623,53.099998474121094,-0.07527458785619755,40.88089262135519,-4.338669733349223,0.1859056906791809
2024-05-10 14:05:00-04:00,53.150001525878906,53.36000061035156,53.150001525878906,53.33000183105469,53.33000183105469,13076,53.33000183105469,47.916775255918665,41.19281329895569,23.674507802614187,53.45000076293945,0.01871657276852875,52.37366021008128,5.6593703702883,53.099998474121094,-0.07527458785619755,40.88089262135519,-4.338669733349223,0.18831503005852843
2024-05-10 14:10:00-04:00,53.33000183105469,53.41999816894531,53.33000183105469,53.380001068115234,53.380001068115234,12499,53.380001068115234,49.5684008209923,65.10192302655624,40.84028329302948,53.58000183105469,0.24321995558393522,56.55031006735862,7.974714466248793,53.099998474121094,-0.07527458785619755,40.88089262135519,-4.338669733349223,0.17848316084173807
2024-05-10 14:15:00-04:00,53.380001068115234,53.40999984741211,53.18000030517578,53.310001373291016,53.310001373291016,15363,53.290000915527344,47.30660714908549,87.13540252850903,64.4767129513403,53.58000183105469,0.24321995558393522,56.55031006735862,7.974714466248793,53.099998474121094,-0.07527458785619755,41.51370697349784,1.5479465138001554,0.18363479898119708
2024-05-10 14:20:00-04:00,53.290000915527344,53.400001525878906,53.25,53.369998931884766,53.369998931884766,14880,53.369998931884766,49.43626266111947,90.81465871545056,81.01732809017194,53.58000183105469,0.24321995558393522,56.55031006735862,7.974714466248793,53.13999938964844,0.07533129317666301,41.51370697349784,1.5479465138001554,0.180271471670968
2024-05-10 14:25:00-04:00,53.369998931884766,53.43000030517578,53.29999923706055,53.31999969482422,53.31999969482422,12854,53.310001373291016,47.705889863509974,83.66834044373515,87.20613389589823,53.630001068115234,0.09331697527409859,56.55031006735862,7.974714466248793,53.13999938964844,0.07533129317666301,41.51370697349784,1.5479465138001554,0.17524443131539463
2024-05-10 14:30:00-04:00,53.310001373291016,53.45000076293945,53.310001373291016,53.45000076293945,53.45000076293945,20106,53.46500015258789,52.37366021008128,92.34667727684952,88.94322547867841,53.66999816894531,0.0745797129097163,56.55031006735862,7.974714466248793,53.150001525878906,0.018822236253952886,47.30660714908549,13.954186696181596,0.17171992714869894
2024-05-10 14:35:00-04:00,53.46500015258789,53.58000183105469,53.45000076293945,53.58000183105469,53.58000183105469,11101,53.56999969482422,56.55031006735862,92.85368172828456,89.62289981628972,53.66999816894531,0.0745797129097163,56.55031006735862,7.974714466248793,53.18000030517578,0.05644172800685339,47.30660714908549,13.954186696181596,0.16754804124535247
2024-05-10 14:40:00-04:00,53.56999969482422,53.58000183105469,53.37099838256836,53.37099838256836,53.37099838256836,15375,53.38999938964844,49.09584004919044,84.1422098303778,89.78085627850396,53.66999816894531,0.0745797129097163,56.55031006735862,7.974714466248793,53.18000030517578,0.05644172800685339,47.30660714908549,13.954186696181596,0.17169358196945003
2024-05-10 14:45:00-04:00,53.38999938964844,53.52000045776367,53.36000061035156,53.52000045776367,53.52000045776367,15442,53.529998779296875,53.77416217301967,78.23654910855983,85.07748022240737,53.66999816894531,0.0745797129097163,56.55031006735862,7.974714466248793,53.25,0.13162785713148253,47.705889863509974,0.8440316025331481,0.17052420851371597
2024-05-10 14:50:00-04:00,53.529998779296875,53.630001068115234,53.52000045776367,53.61000061035156,53.61000061035156,18258,53.5994987487793,56.38175992201167,77.87799473360667,80.08558455751476,53.66999816894531,0.0745797129097163,56.55031006735862,7.974714466248793,53.22999954223633,-0.037559545096097414,43.63855620713134,-8.525852191449681,0.16447184869750062
2024-05-10 14:55:00-04:00,53.5994987487793,53.66999816894531,53.5,53.5,53.5,19731,53.52000045776367,52.48480045182361,84.72331138520201,80.2792850757895,53.66999816894531,0.0745797129097163,56.55031006735862,7.974714466248793,53.209999084472656,-0.03757365759096455,43.63855620713134,-8.525852191449681,0.1650244807222818
2024-05-10 15:00:00-04:00,53.52000045776367,53.56999969482422,53.5,53.525001525878906,53.525001525878906,13550,53.529998779296875,53.27527898703466,83.36884147804588,81.99004919895151,53.66999816894531,0.0745797129097163,56.55031006735862,7.974714466248793,53.209999084472656,-0.03757365759096455,43.63855620713134,-8.525852191449681,0.1555220021324755
2024-05-10 15:05:00-04:00,53.529998779296875,53.595001220703125,53.29999923706055,53.3849983215332,53.3849983215332,33293,53.400001525878906,48.417720817706,65.69896837974647,77.93037374766477,53.66999816894531,0.0745797129097163,56.38175992201167,-0.29805344152170143,53.209999084472656,-0.03757365759096455,43.63855620713134,-8.525852191449681,0.16947000028348574
2024-05-10 15:10:00-04:00,53.400001525878906,53.47999954223633,53.36000061035156,53.3849983215332,53.3849983215332,18654,53.369998931884766,48.417720817706,45.38484943601588,64.81755309793607,53.66999816894531,0.0745797129097163,56.38175992201167,-0.29805344152170143,53.209999084472656,-0.03757365759096455,43.63855620713134,-8.525852191449681,0.16452289344361373
2024-05-10 15:15:00-04:00,53.369998931884766,53.56999969482422,53.22999954223633,53.2400016784668,53.2400016784668,22474,53.23500061035156,43.63855620713134,19.31164673165664,43.46515484913965,53.66999816894531,0.0745797129097163,56.38175992201167,-0.29805344152170143,53.209999084472656,-0.03757365759096455,43.63855620713134,-8.525852191449681,0.18207061935804142
2024-05-10 15:20:00-04:00,53.23500061035156,53.34000015258789,53.209999084472656,53.279998779296875,53.279998779296875,36106,53.290000915527344,45.244141884879646,8.15176432624914,24.282753497973875,53.66999816894531,0.0745797129097163,53.27527898703466,-5.509726796882452,53.209999084472656,-0.03757365759096455,43.63855620713134,-8.525852191449681,0.1768636642337607
2024-05-10 15:25:00-04:00,53.290000915527344,53.40999984741211,53.23500061035156,53.2400016784668,53.2400016784668,27199,53.22999954223633,43.89742861236684,4.81333546463939,10.758915507515047,53.595001220703125,-0.1397371917288092,56.23471963651813,5.554997938544241,53.209999084472656,-0.03757365759096455,43.63855620713134,-8.525852191449681,0.17667722151643933
2024-05-10 15:30:00-04:00,53.22999954223633,53.290000915527344,53.209999084472656,53.26499938964844,53.26499938964844,33146,53.2599983215332,44.99931619800658,8.326310297766337,7.097136696218279,53.595001220703125,-0.1397371917288092,56.23471963651813,5.554997938544241,53.209999084472656,-0.03757365759096455,43.63855620713134,-8.525852191449681,0.16700968247026415
2024-05-10 15:35:00-04:00,53.2599983215332,53.439998626708984,53.2599983215332,53.400001525878906,53.400001525878906,28796,53.40999984741211,50.63793716225396,22.251078215338175,11.796907992581291,53.75,0.28920379842626215,56.23471963651813,5.554997938544241,53.029998779296875,-0.3382828571186869,43.63855620713134,-8.525852191449681,0.16830874474081586
2024-05-10 15:40:00-04:00,53.40999984741211,53.439998626708984,53.29750061035156,53.439998626708984,53.439998626708984,35372,53.45000076293945,52.201417367017164,43.68888040328496,24.755422972129818,53.75,0.28920379842626215,56.23471963651813,5.554997938544241,53.0099983215332,-0.037715365310323434,43.63855620713134,-8.525852191449681,0.16572767190247645
2024-05-10 15:45:00-04:00,53.45000076293945,53.5099983215332,53.38999938964844,53.38999938964844,53.38999938964844,42067,53.3650016784668,50.06657167970615,56.99013747080315,40.97669869647542,53.75,0.28920379842626215,56.23471963651813,5.554997938544241,53.0099983215332,-0.037715365310323434,43.89742861236684,0.5932194548480411,0.16115479790070536
2024-05-10 15:50:00-04:00,53.3650016784668,53.54999923706055,53.3650016784668,53.54999923706055,53.54999923706055,60260,53.52000045776367,56.23471963651813,71.86905536407856,57.51602441272221,53.75,0.28920379842626215,56.23471963651813,5.554997938544241,53.0,-0.018861199490251078,39.58330996317322,-9.827725189302404,0.16353907397000983
2024-05-10 15:55:00-04:00,53.52000045776367,53.52000045776367,53.2599983215332,53.290000915527344,53.290000915527344,147634,53.54999923706055,46.23912445232661,56.56543841196827,61.80821041561665,53.75,0.28920379842626215,56.23471963651813,5.554997938544241,52.904998779296875,-0.17924758623231132,39.58330996317322,-9.827725189302404,0.1761852581257432
2024-05-13 09:30:00-04:00,53.54999923706055,53.75,53.029998779296875,53.220001220703125,53.220001220703125,18271,53.29999923706055,43.972916884620986,40.63602798722743,56.35684058775808,53.75,0.28920379842626215,56.23471963651813,5.554997938544241,52.904998779296875,-0.17924758623231132,39.58330996317322,-9.827725189302404,0.2305668543834814
2024-05-13 09:35:00-04:00,53.29999923706055,53.349998474121094,53.0099983215332,53.33000183105469,53.33000183105469,39937,53.279998779296875,48.263996682766226,19.927660795081827,39.043042398092496,53.75,0.28920379842626215,56.23471963651813,5.554997938544241,52.904998779296875,-0.17924758623231132,39.58330996317322,-9.827725189302404,0.2415101842039223
2024-05-13 09:40:00-04:00,53.279998779296875,53.48500061035156,53.16999816894531,53.470001220703125,53.470001220703125,6153,53.20000076293945,53.17901207191264,38.372152227655796,32.978613669988334,53.75,0.28920379842626215,56.23471963651813,5.554997938544241,52.904998779296875,-0.17924758623231132,39.58330996317322,-9.827725189302404,0.2488594099241551
2024-05-13 09:45:00-04:00,53.20000076293945,53.29999923706055,53.0,53.0,53.0,12360,53.06999969482422,39.58330996317322,37.48733075175151,31.9290479248297,53.75,0.28920379842626215,56.23471963651813,5.554997938544241,52.904998779296875,-0.17924758623231132,39.58330996317322,-9.827725189302404,0.2709735910020521
2024-05-13 09:50:00-04:00,53.06999969482422,53.150001525878906,52.904998779296875,53.150001525878906,53.150001525878906,11381,53.125,44.463340125066566,35.015991739030675,36.95849157281264,53.75,0.28920379842626215,55.753171864709394,-0.8563175470977612,52.775001525878906,-0.24571828072480764,39.58330996317322,-9.827725189302404,0.26837650656005
2024-05-13 09:55:00-04:00,53.125,53.31999969482422,53.125,53.310001373291016,53.310001373291016,9167,53.2599983215332,49.17875046482628,28.977467869118417,33.82693011996685,53.75,0.28920379842626215,55.753171864709394,-0.8563175470977612,52.755001068115234,-0.03789759769853231,39.58330996317322,-9.827725189302404,0.2610388253864669
2024-05-13 10:00:00-04:00,53.2599983215332,53.58000183105469,53.2599983215332,53.56999969482422,53.56999969482422,12996,53.564998626708984,55.753171864709394,61.3468232144908,41.780094274213276,53.66999816894531,-0.14884061591569767,55.753171864709394,-0.8563175470977612,52.755001068115234,-0.03789759769853231,39.58330996317322,-9.827725189302404,0.2669352937999686
2024-05-13 10:05:00-04:00,53.564998626708984,53.66999816894531,53.13999938964844,53.16999816894531,53.16999816894531,13055,53.11000061035156,45.91260866117373,64.24801609552979,51.52410239304632,53.66999816894531,-0.14884061591569767,55.753171864709394,-0.8563175470977612,52.755001068115234,-0.03789759769853231,39.58330996317322,-9.827725189302404,0.2932416423496592
2024-05-13 10:10:00-04:00,53.11000061035156,53.43000030517578,53.11000061035156,53.35499954223633,53.35499954223633,24410,53.415000915527344,50.28330480518724,66.45914889054895,64.0179960668565,53.66999816894531,-0.14884061591569767,55.753171864709394,-0.8563175470977612,52.755001068115234,-0.03789759769853231,39.58330996317322,-9.827725189302404,0.2959174475971152
2024-05-13 10:15:00-04:00,53.415000915527344,53.415000915527344,52.775001525878906,52.810001373291016,52.810001373291016,12881,52.79999923706055,40.02283584170604,34.96965074076363,55.22560524228078,53.66999816894531,-0.14884061591569767,55.753171864709394,-0.8563175470977612,52.755001068115234,-0.03789759769853231,40.02283584170604,1.1103818223936741,0.33032564180224744
2024-05-13 10:20:00-04:00,52.79999923706055,53.03499984741211,52.755001068115234,52.810001373291016,52.810001373291016,17786,52.814998626708984,40.02283584170604,23.179311994657617,41.536037208656715,53.66999816894531,-0.14884061591569767,55.753171864709394,-0.8563175470977612,52.755001068115234,-0.03789759769853231,40.02283584170604,1.1103818223936741,0.32529295555171023
2024-05-13 10:25:00-04:00,52.814998626708984,52.959999084472656,52.790000915527344,52.935001373291016,52.935001373291016,17766,52.970001220703125,43.11070092837251,8.820960324495564,22.323307686638923,53.66999816894531,-0.14884061591569767,55.753171864709394,-0.8563175470977612,52.755001068115234,-0.03789759769853231,40.02283584170604,1.1103818223936741,0.3097634768910705
2024-05-13 10:30:00-04:00,52.970001220703125,52.97999954223633,52.86000061035156,52.869998931884766,52.869998931884766,10365,52.869998931884766,41.90256084427948,12.722118772350536,14.907463697167891,53.66999816894531,-0.14884061591569767,50.28330480518724,-9.81086255109454,52.755001068115234,-0.03789759769853231,40.02283584170604,1.1103818223936741,0.29078702239043996
2024-05-13 10:35:00-04:00,52.869998931884766,52.880001068115234,52.79999923706055,52.869998931884766,52.869998931884766,9080,52.880001068115234,41.90256084427947,16.62327722020549,12.722118772350518,53.43000030517578,-0.4471732289128333,50.28330480518724,-9.81086255109454,52.755001068115234,-0.03789759769853231,40.02283584170604,1.1103818223936741,0.26970850325686474
2024-05-13 10:40:00-04:00,52.880001068115234,53.0,52.83000183105469,53.0,53.0,12923,52.997501373291016,45.44845588795964,21.652726021943824,16.999374004833268,53.415000915527344,-0.028072973166321513,45.44845588795964,-9.61521709036284,52.58000183105469,-0.33172065873829587,37.634081404092115,-5.968478713156827,0.2597374698257095
2024-05-13 10:45:00-04:00,52.997501373291016,53.04499816894531,52.869998931884766,52.900001525878906,52.900001525878906,9587,52.88999938964844,43.2612048400057,24.453500293650606,20.909834511933294,53.04499816894531,-0.6926944495745093,45.44845588795964,-9.61521709036284,52.439998626708984,-0.2662670206736561,34.18915661627981,-9.153736877015215,0.2512636465491932
2024-05-13 10:50:00-04:00,52.88999938964844,53.0099983215332,52.849998474121094,52.875,52.875,10876,52.875,42.70779802107564,26.11345505331302,24.073227122969133,53.04499816894531,-0.6926944495745093,45.44845588795964,-9.61521709036284,52.36000061035156,-0.15255152260182728,34.09584350304071,-0.27293189559015185,0.2421372666354848
2024-05-13 10:55:00-04:00,52.875,52.95000076293945,52.77000045776367,52.790000915527344,52.790000915527344,25043,52.82500076293945,40.79703464249421,15.663324553829671,22.076759966931082,53.04499816894531,-0.6926944495745093,45.44845588795964,-9.61521709036284,52.290000915527344,-0.1336892551723535,32.758638945362,-3.9218990360495307,0.23592357048951446
2024-05-13 11:00:00-04:00,52.82500076293945,52.86949920654297,52.814998626708984,52.849998474121094,52.849998474121094,10171,52.84000015258789,42.74428843900017,13.848422672338447,18.54173409316037,53.04499816894531,-0.6926944495745093,45.44845588795964,-9.61521709036284,52.290000915527344,-0.1336892551723535,32.758638945362,-3.9218990360495307,0.2202810425421255
2024-05-13 11:05:00-04:00,52.84000015258789,52.970001220703125,52.58000183105469,52.619998931884766,52.619998931884766,14085,52.630001068115234,37.634081404092115,7.407452269234003,12.306399831800695,53.04499816894531,-0.6926944495745093,45.44845588795964,-9.61521709036284,52.290000915527344,-0.1336892551723535,32.758638945362,-3.9218990360495307,0.23725287725275673
2024-05-13 11:10:00-04:00,52.630001068115234,52.650001525878906,52.439998626708984,52.439998626708984,52.439998626708984,24636,52.36000061035156,34.18915661627981,5.766888033657566,9.00758765840999,53.04499816894531,-0.6926944495745093,43.2612048400057,-4.812597051362948,52.27000045776367,-0.03824910578215883,32.758638945362,-3.9218990360495307,0.23452787944447326
2024-05-13 11:15:00-04:00,52.36000061035156,52.47999954223633,52.36000061035156,52.435001373291016,52.435001373291016,7323,52.40999984741211,34.09584350304071,0.0,4.391446767630509,53.0099983215332,-0.0659814282595257,42.74428843900017,-1.194872872628628,52.08000183105469,-0.3634945954563577,30.318854614212647,-7.447758544604556,0.2230749846885025
2024-05-13 11:20:00-04:00,52.40999984741211,52.40999984741211,52.290000915527344,52.3656005859375,52.3656005859375,12321,52.36000061035156,32.758638945362,0.0,1.9222960112191745,52.970001220703125,-0.07545199414547217,42.74428843900017,-1.194872872628628,52.08000183105469,-0.3634945954563577,30.318854614212647,-7.447758544604556,0.21526753199601947
2024-05-13 11:25:00-04:00,52.36000061035156,52.595001220703125,52.36000061035156,52.47999954223633,52.47999954223633,17788,52.45000076293945,37.13532534540162,11.496584019132658,3.832194673044205,52.970001220703125,-0.07545199414547217,42.74428843900017,-1.194872872628628,52.08000183105469,-0.3634945954563577,30.318854614212647,-7.447758544604556,0.21724083983157377
2024-05-13 11:30:00-04:00,52.45000076293945,52.4900016784668,52.349998474121094,52.349998474121094,52.349998474121094,10887,52.334999084472656,34.39551622186949,15.796297413770008,9.097627144300874,52.970001220703125,-0.07545199414547217,39.80787100614496,-6.869730530304041,52.08000183105469,-0.3634945954563577,30.318854614212647,-7.447758544604556,0.20951707628298671
2024-05-13 11:35:00-04:00,52.334999084472656,52.334999084472656,52.27000045776367,52.27000045776367,52.27000045776367,10165,52.25,32.792194991819386,15.884441701979405,14.392441044960677,52.650001525878906,-0.6041149470450609,41.433242049759535,4.083039365163932,52.08000183105469,-0.3634945954563577,30.318854614212647,-7.447758544604556,0.19656517029043025
2024-05-13 11:40:00-04:00,52.25,52.2599983215332,52.08000183105469,52.13999938964844,52.13999938964844,17948,52.16999816894531,30.318854614212647,4.3878576828467155,12.022865599532027,52.595001220703125,-0.10446401440035497,41.433242049759535,4.083039365163932,52.08000183105469,-0.3634945954563577,30.318854614212647,-7.447758544604556,0.19590851593228567
2024-05-13 11:45:00-04:00,52.16999816894531,52.36000061035156,52.084999084472656,52.36000061035156,52.36000061035156,14258,52.349998474121094,38.739694527279816,18.64082513485992,12.971041506562,52.595001220703125,-0.10446401440035497,41.433242049759535,4.083039365163932,52.08000183105469,-0.3634945954563577,30.318854614212647,-7.447758544604556,0.20381781692694773
2024-05-13 11:50:00-04:00,52.349998474121094,52.41999816894531,52.310001373291016,52.38999938964844,52.38999938964844,11416,52.38999938964844,39.80787100614496,42.991870088136366,22.00685096861432,52.595001220703125,-0.10446401440035497,41.433242049759535,4.083039365163932,52.08000183105469,-0.3634945954563577,30.318854614212647,-7.447758544604556,0.19443571479968264
2024-05-13 11:55:00-04:00,52.38999938964844,52.38999938964844,52.2400016784668,52.27000045776367,52.27000045776367,10832,52.2400016784668,37.02664253388687,60.98664868570626,40.87311463623417,52.4900016784668,-0.19963787394113958,43.17906851726997,4.213588850743977,52.08000183105469,-0.3634945954563577,30.318854614212647,-7.447758544604556,0.18999191443787844
2024-05-13 12:00:00-04:00,52.2400016784668,52.38999938964844,52.22999954223633,52.38999938964844,52.38999938964844,6245,52.38990020751953,41.433242049759535,72.25019690671415,58.74290522685224,52.41999816894531,-0.13336541680889719,44.37304645008891,2.7651776053052037,52.08000183105469,-0.3634945954563577,30.318854614212647,-7.447758544604556,0.18699270773530152
2024-05-13 12:05:00-04:00,52.38990020751953,52.39500045776367,52.36800003051758,52.375,52.375,4123,52.36000061035156,41.046603767205305,76.5900139740244,69.94228652214827,52.41999816894531,-0.13336541680889719,45.60399427544064,2.7740890559234246,52.08000183105469,-0.3634945954563577,30.318854614212647,-7.447758544604556,0.17099347968638073
2024-05-13 12:10:00-04:00,52.36000061035156,52.36000061035156,52.27000045776367,52.27000045776367,52.27000045776367,5656,52.220001220703125,38.34882402905797,82.6780423429853,77.1727510745746,52.439998626708984,0.03815425116806005,45.60399427544064,2.7740890559234246,52.084999084472656,0.009595340326944741,34.61533682215508,14.17099116247076,0.16439408594137547
2024-05-13 12:15:00-04:00,52.220001220703125,52.2400016784668,52.11000061035156,52.11000061035156,52.11000061035156,8999,52.13999938964844,34.61533682215508,65.74746031872904,75.00517221191289,52.470001220703125,0.05721318607903159,48.001212034013136,5.256596043087132,52.11000061035156,0.04800139448665094,34.61533682215508,14.17099116247076,0.16395466208844886
2024-05-13 12:20:00-04:00,52.13999938964844,52.34000015258789,52.13999938964844,52.34000015258789,52.34000015258789,13351,52.349998474121094,43.17906851726997,70.30178734326627,72.90909666832685,52.5,0.05717320106529435,48.9410422882218,1.957930257141657,52.11000061035156,0.04800139448665094,34.61533682215508,14.17099116247076,0.1705591501032368
2024-05-13 12:25:00-04:00,52.349998474121094,52.375,52.29999923706055,52.375,52.375,8243,52.38999938964844,44.37304645008891,79.55231371006882,71.86718712402136,52.5,0.05717320106529435,48.9410422882218,1.957930257141657,52.11000061035156,0.04800139448665094,34.61533682215508,14.17099116247076,0.16100331138685844
2024-05-13 12:30:00-04:00,52.38999938964844,52.40999984741211,52.279998779296875,52.40999984741211,52.40999984741211,9575,52.419898986816406,45.60399427544064,100.0,83.28470035111168,52.5,0.05717320106529435,49.2180786129105,0.5660613500161875,52.11000061035156,0.04800139448665094,34.61533682215508,14.17099116247076,0.15790308705969605
2024-05-13 12:35:00-04:00,52.419898986816406,52.439998626708984,52.36000061035156,52.38990020751953,52.38990020751953,7490,52.38999938964844,44.98830609040801,98.657327315553,92.73654700854058,52.5,0.05717320106529435,49.2180786129105,0.5660613500161875,52.11000061035156,0.04800139448665094,34.61533682215508,14.17099116247076,0.15011257998946864
2024-05-13 12:40:00-04:00,52.38999938964844,52.470001220703125,52.38999938964844,52.470001220703125,52.470001220703125,6064,52.459999084472656,48.001212034013136,98.657327315553,99.10488487703533,52.5,0.05717320106529435,49.2180786129105,0.5660613500161875,52.11000061035156,0.04800139448665094,34.61533682215508,14.17099116247076,0.14311142330888116
2024-05-13 12:45:00-04:00,52.459999084472656,52.5,52.39500045776367,52.494998931884766,52.494998931884766,7366,52.494998931884766,48.9410422882218,98.657327315553,98.657327315553,52.5,0.05717320106529435,49.2180786129105,0.5660613500161875,52.13999938964844,0.057568180666871444,41.922781587511075,21.110425135828706,0.13930023520162585
2024-05-13 12:50:00-04:00,52.494998931884766,52.494998931884766,52.27000045776367,52.279998779296875,52.279998779296875,12259,52.2599983215332,41.922781587511075,83.66977291895587,93.66147585002062,52.52000045776367,0.038096110026041664,51.40531992827485,4.443979482755766,52.2599983215332,0.2301475513798903,41.922781587511075,21.110425135828706,0.14787005909357265
2024-05-13 12:55:00-04:00,52.2599983215332,52.47999954223633,52.2599983215332,52.47999954223633,52.47999954223633,15176,52.47999954223633,49.2180786129105,83.66977291895587,88.66562438448824,52.529998779296875,0.019037169546949503,51.40531992827485,4.443979482755766,52.2599983215332,0.2301475513798903,41.922781587511075,21.110425135828706,0.1550831752545279
2024-05-13 13:00:00-04:00,52.47999954223633,52.47999954223633,52.31999969482422,52.31999969482422,52.31999969482422,7083,52.3297004699707,44.411807957113034,72.69861256047173,80.01271946612782,52.529998779296875,0.019037169546949503,51.40531992827485,4.443979482755766,52.2599983215332,0.2301475513798903,41.922781587511075,21.110425135828706,0.15557484247028602
2024-05-13 13:05:00-04:00,52.3297004699707,52.38999938964844,52.2599983215332,52.37049865722656,52.37049865722656,14760,52.380001068115234,46.1976075742486,82.13408183520195,79.50082243820984,52.529998779296875,0.019037169546949503,51.40531992827485,4.443979482755766,52.2599983215332,0.2301475513798903,41.922781587511075,21.110425135828706,0.15301746503478086
2024-05-13 13:10:00-04:00,52.380001068115234,52.4900016784668,52.31999969482422,52.43000030517578,52.43000030517578,9625,52.43000030517578,48.3049278450918,80.04965417336658,78.29411618968007,52.59000015258789,0.11422306241260255,54.19306454001996,5.423066358958205,52.2599983215332,0.2301475513798903,41.922781587511075,21.110425135828706,0.15471591689556058
2024-05-13 13:15:00-04:00,52.43000030517578,52.52000045776367,52.43000030517578,52.52000045776367,52.52000045776367,9263,52.51499938964844,51.40531992827485,91.0208145318507,84.40151684680639,52.619998931884766,0.05704274426665655,54.19306454001996,5.423066358958205,52.2599983215332,0.2301475513798903,41.922781587511075,21.110425135828706,0.14824434046479357
2024-05-13 13:20:00-04:00,52.51499938964844,52.529998779296875,52.474998474121094,52.474998474121094,52.474998474121094,5832,52.470001220703125,49.79710293828229,94.7227619189443,88.59774354138717,52.619998931884766,0.05704274426665655,54.19306454001996,5.423066358958205,52.2599983215332,0.2301475513798903,44.411807957113034,5.937168945734859,0.13891993693589233
2024-05-13 13:25:00-04:00,52.470001220703125,52.48500061035156,52.415000915527344,52.43000030517578,52.43000030517578,8529,52.439998626708984,48.174176819464854,85.4489681401489,90.39751486364794,52.619998931884766,0.05704274426665655,54.19306454001996,5.423066358958205,52.2599983215332,0.2301475513798903,44.411807957113034,5.937168945734859,0.13202791272472497
2024-05-13 13:30:00-04:00,52.439998626708984,52.47999954223633,52.36000061035156,52.47999954223633,52.47999954223633,12083,52.47999954223633,50.11944364340689,80.92881316807002,87.03351440905438,52.619998931884766,0.05704274426665655,54.19306454001996,5.423066358958205,52.2599983215332,0.2301475513798903,46.1976075742486,4.021001844509578,0.13082501464072904
2024-05-13 13:35:00-04:00,52.47999954223633,52.59000015258789,52.47999954223633,52.59000015258789,52.59000015258789,16024,52.60499954223633,54.19306454001996,84.1216235872903,83.4998016318364,52.619998931884766,0.05704274426665655,54.19306454001996,5.423066358958205,52.31999969482422,0.11481319406451773,48.174176819464854,4.278509968377735,0.1287425742118124
2024-05-13 13:40:00-04:00,52.60499954223633,52.619998931884766,52.540000915527344,52.540000915527344,52.540000915527344,14835,52.560001373291016,52.10990483219343,89.8207532860022,84.95706334712082,52.619998931884766,0.05704274426665655,54.19306454001996,5.423066358958205,52.349998474121094,0.05733711672754968,46.27975098756797,-3.932450862619486,0.12386811842637335
2024-05-13 13:45:00-04:00,52.560001373291016,52.58000183105469,52.439998626708984,52.47999954223633,52.47999954223633,7711,52.47999954223633,49.643719740784405,81.98220167991056,85.30819285106769,52.619998931884766,0.05704274426665655,54.19306454001996,5.423066358958205,52.32500076293945,-0.04775112112753564,43.63743178312471,-5.7094499172069035,0.12548162701830634
2024-05-13 13:50:00-04:00,52.47999954223633,52.529998779296875,52.47999954223633,52.494998931884766,52.494998931884766,7441,52.5,50.27723594938328,71.34449917597601,81.04915138062957,52.619998931884766,0.05704274426665655,54.19306454001996,5.423066358958205,52.18000030517578,-0.27711506096407407,38.420706307492104,-11.954703250089063,0.1179333880225304
2024-05-13 13:55:00-04:00,52.5,52.5,52.470001220703125,52.48500061035156,52.48500061035156,7598,52.48500061035156,49.82723947506151,65.14343229494106,72.82337771694253,52.619998931884766,0.05704274426665655,54.19306454001996,5.423066358958205,52.09000015258789,-0.17248016876489636,34.63479210327027,-9.853838120314753,0.10913992714996486
2024-05-13 14:00:00-04:00,52.48500061035156,52.599998474121094,52.38999938964844,52.5,52.5,17405,52.5,50.5423973901473,65.06110903565585,67.18301350219096,52.619998931884766,0.05704274426665655,54.19306454001996,5.423066358958205,52.09000015258789,-0.17248016876489636,34.63479210327027,-9.853838120314753,0.119225842882234
2024-05-13 14:05:00-04:00,52.5,52.529998779296875,52.349998474121094,52.40999984741211,52.40999984741211,7564,52.38999938964844,46.27975098756797,48.731200969387636,59.645247433328166,52.619998931884766,0.05704274426665655,52.10990483219343,-3.843959970723155,52.084999084472656,-0.009600821847926058,34.63479210327027,-9.853838120314753,0.12530328911158872
2024-05-13 14:10:00-04:00,52.38999938964844,52.39500045776367,52.32500076293945,52.349998474121094,52.349998474121094,20803,52.36000061035156,43.63743178312471,27.258026259008133,47.016778754683855,52.599998474121094,-0.0380092325535049,50.5423973901473,-3.0080796483775663,52.060001373291016,-0.047994070502139705,34.060584521064314,-1.6578923889418697,0.12127286864769546
2024-05-13 14:15:00-04:00,52.36000061035156,52.38999938964844,52.18000030517578,52.217498779296875,52.217498779296875,39299,52.20500183105469,38.420706307492104,6.365722763130533,27.45164999717542,52.599998474121094,-0.0380092325535049,50.5423973901473,-3.0080796483775663,51.86009979248047,-0.3839830494378451,29.15813091521249,-14.393333745696491,0.13014549023019154
2024-05-13 14:20:00-04:00,52.20500183105469,52.25,52.09000015258789,52.10499954223633,52.10499954223633,15482,52.119998931884766,34.63479210327027,0.0,11.207916340712876,52.599998474121094,-0.0380092325535049,50.5423973901473,-3.0080796483775663,51.86009979248047,-0.3839830494378451,29.15813091521249,-14.393333745696491,0.13313092594838333
2024-05-13 14:25:00-04:00,52.119998931884766,52.13999938964844,52.099998474121094,52.130001068115234,52.130001068115234,9698,52.119998931884766,36.14081107530877,2.566721195014977,2.977481319381822,52.599998474121094,-0.0380092325535049,50.5423973901473,-3.0080796483775663,51.86009979248047,-0.3839830494378451,28.683352962903413,-1.6282866473494455,0.12381792490627937
2024-05-13 14:30:00-04:00,52.119998931884766,52.130001068115234,52.084999084472656,52.09000015258789,52.09000015258789,16207,52.099998474121094,34.76086391447477,2.7815864762102795,1.782769223741738,52.529998779296875,-0.13307927158716212,46.27975098756797,-8.43380334667363,51.81999969482422,-0.07732360295624494,28.683352962903413,-1.6282866473494455,0.11593633077990924
2024-05-13 14:35:00-04:00,52.099998474121094,52.22999954223633,52.060001373291016,52.06999969482422,52.06999969482422,22459,52.04999923706055,34.060584521064314,2.7815864762102795,2.709964715811831,52.39500045776367,-0.2569928130027078,43.63743178312471,-5.7094499172069035,51.81999969482422,-0.07732360295624494,28.683352962903413,-1.6282866473494455,0.12134251459644955
2024-05-13 14:40:00-04:00,52.04999923706055,52.04999923706055,51.86009979248047,51.915000915527344,51.915000915527344,21311,51.915000915527344,29.15813091521249,0.21486528119527334,1.9260127445385964,52.38999938964844,-0.009544933813419478,51.988401885954346,19.13717137235168,51.81999969482422,-0.07732360295624494,28.683352962903413,-1.6282866473494455,0.1301982533711796
2024-05-13 14:45:00-04:00,51.915000915527344,52.040000915527344,51.90999984741211,51.93000030517578,51.93000030517578,18285,51.900001525878906,30.205055396148676,1.5204699568800313,1.505640571428514,52.369998931884766,-0.038176098485742105,51.988401885954346,19.13717137235168,51.81999969482422,-0.07732360295624494,28.683352962903413,-1.6282866473494455,0.1301785348455851
2024-05-13 14:50:00-04:00,51.900001525878906,52.0099983215332,51.880001068115234,51.880001068115234,51.880001068115234,62384,51.869998931884766,28.683352962903413,1.5204699568800313,1.085268398318431,52.369998931884766,-0.038176098485742105,51.988401885954346,19.13717137235168,51.81999969482422,-0.07732360295624494,28.683352962903413,-1.6282866473494455,0.13016040670282344
2024-05-13 14:55:00-04:00,51.869998931884766,51.93000030517578,51.81999969482422,51.880001068115234,51.880001068115234,34104,51.939998626708984,28.683352962903413,1.5204699568800313,1.5204699568800313,52.369998931884766,-0.038176098485742105,51.988401885954346,19.13717137235168,51.81999969482422,-0.07732360295624494,28.683352962903413,-1.6282866473494455,0.12814442706769735
2024-05-13 15:00:00-04:00,51.939998626708984,52.150001525878906,51.939998626708984,52.08000183105469,52.08000183105469,20881,52.099998474121094,42.193609420911365,20.602084571103983,7.8810081616213346,52.369998931884766,-0.038176098485742105,51.988401885954346,19.13717137235168,51.81999969482422,-0.07732360295624494,28.683352962903413,-1.6282866473494455,0.1423300301372948
2024-05-13 15:05:00-04:00,52.099998474121094,52.29999923706055,52.099998474121094,52.279998779296875,52.279998779296875,26004,52.279998779296875,51.988401885954346,53.93541790443731,25.35265747747376,52.369998931884766,-0.038176098485742105,51.988401885954346,19.13717137235168,51.81999969482422,-0.07732360295624494,28.683352962903413,-1.6282866473494455,0.15009676772415126
2024-05-13 15:10:00-04:00,52.279998779296875,52.369998931884766,52.22999954223633,52.22999954223633,52.22999954223633,19198,52.25,49.72022378903892,84.02456424578085,52.85402224044069,52.369998931884766,-0.038176098485742105,51.988401885954346,19.13717137235168,51.81999969482422,-0.07732360295624494,28.683352962903413,-1.6282866473494455,0.1490870299165799
2024-05-13 15:15:00-04:00,52.25,52.25,52.06999969482422,52.16999816894531,52.16999816894531,24572,52.18000030517578,47.066445814384636,89.71591350265533,75.89196521762449,52.369998931884766,-0.038176098485742105,51.988401885954346,19.13717137235168,51.81999969482422,-0.07732360295624494,28.683352962903413,-1.6282866473494455,0.15217835744250002
2024-05-13 15:20:00-04:00,52.18000030517578,52.20000076293945,52.05500030517578,52.064998626708984,52.064998626708984,12892,52.06999969482422,42.764852147967545,76.52342208381971,83.42129994408528,52.369998931884766,-0.038176098485742105,51.988401885954346,19.13717137235168,51.81999969482422,-0.07732360295624494,28.683352962903413,-1.6282866473494455,0.1514605674746172
2024-05-13 15:25:00-04:00,52.06999969482422,52.119998931884766,52.04999923706055,52.06999969482422,52.06999969482422,12348,52.06999969482422,43.03191265299946,66.9570956937414,77.73214376007213,52.369998931884766,-0.038176098485742105,54.01697439240151,3.901971272164108,51.939998626708984,0.23156876223747086,39.764740188135114,38.63351414865416,0.14331448020957735
2024-05-13 15:30:00-04:00,52.06999969482422,52.09000015258789,51.97999954223633,52.08000183105469,52.08000183105469,23802,52.06999969482422,43.598739414907946,61.9972170984401,68.49257829200039,52.369998931884766,-0.038176098485742105,55.36049185484087,2.48721346863951,51.95000076293945,0.01925709760285857,39.764740188135114,38.63351414865416,0.13998309322377586
2024-05-13 15:35:00-04:00,52.06999969482422,52.08000183105469,51.9900016784668,51.9900016784668,51.9900016784668,17086,51.9900016784668,39.764740188135114,57.706141275144965,62.22015135577547,53.150001525878906,1.4894073131615946,76.65945568008884,38.47322000154073,51.95000076293945,0.01925709760285857,39.764740188135114,38.63351414865416,0.13498479916018732
2024-05-13 15:40:00-04:00,51.9900016784668,52.09000015258789,51.98500061035156,52.0,52.0,38502,51.994998931884766,40.391862392487134,53.93006358309735,57.87780731889413,53.40999984741211,0.4891783895934774,77.45823112534624,1.0419790202930899,51.95000076293945,0.01925709760285857,39.764740188135114,38.63351414865416,0.1319862734678014
2024-05-13 15:45:00-04:00,51.994998931884766,52.14500045776367,51.9900016784668,52.064998626708984,52.064998626708984,37095,52.060001373291016,44.44147832738488,55.135437456171665,55.59054743813798,53.40999984741211,0.4891783895934774,78.88499195296137,1.8419744511158287,51.95000076293945,0.01925709760285857,39.764740188135114,38.63351414865416,0.13428752405070876
2024-05-13 15:50:00-04:00,52.060001373291016,52.310001373291016,51.95000076293945,52.25,52.25,94900,52.2400016784668,54.01697439240151,72.61900469830242,60.561501912523795,53.40999984741211,0.4891783895934774,78.88499195296137,1.8419744511158287,51.95000076293945,0.01925709760285857,39.764740188135114,38.63351414865416,0.15685883268079412
2024-05-13 15:55:00-04:00,52.2400016784668,52.31999969482422,52.130001068115234,52.279998779296875,52.279998779296875,183360,52.790000915527344,55.36049185484087,89.20559577241815,72.3200126422974,53.40999984741211,0.4891783895934774,78.88499195296137,1.8419744511158287,51.95000076293945,0.01925709760285857,39.764740188135114,38.63351414865416,0.16017281208361314
2024-05-14 09:30:00-04:00,52.790000915527344,53.150001525878906,52.619998931884766,53.150001525878906,53.150001525878906,28514,53.16999816894531,76.65945568008884,100.0,87.2748668235735,53.40999984741211,0.4891783895934774,78.88499195296137,1.8419744511158287,51.95000076293945,0.01925709760285857,39.764740188135114,38.63351414865416,0.23115580553345497
2024-05-14 09:35:00-04:00,53.16999816894531,53.40999984741211,52.93000030517578,53.209999084472656,53.209999084472656,18301,53.40999984741211,77.45823112534624,100.0,96.40186525747269,53.40999984741211,0.4891783895934774,78.88499195296137,1.8419744511158287,51.95000076293945,0.01925709760285857,40.391862392487134,1.5770811059873053,0.2560401792037423
2024-05-14 09:40:00-04:00,53.40999984741211,53.40999984741211,53.119998931884766,53.31999969482422,53.31999969482422,18259,53.25,78.88499195296137,100.0,100.0,53.40999984741211,0.4891783895934774,78.88499195296137,1.8419744511158287,51.95000076293945,0.01925709760285857,44.44147832738488,10.025821279414368,0.2594362528361024
2024-05-14 09:45:00-04:00,53.25,53.25,52.76689910888672,52.76689910888672,52.76689910888672,8819,52.744998931884766,58.74954069193944,82.84311377299967,94.2810379243332,53.40999984741211,0.4891783895934774,78.88499195296137,1.8419744511158287,51.95000076293945,0.01925709760285857,54.01697439240151,21.546304095640764,0.28880268614624216
2024-05-14 09:50:00-04:00,52.744998931884766,52.834999084472656,52.58000183105469,52.834999084472656,52.834999084472656,6686,52.849998474121094,60.09995757851488,66.83688210951769,83.22666529417245,53.40999984741211,0.4891783895934774,78.88499195296137,1.8419744511158287,52.130001068115234,0.34648758909006877,51.529858275944015,-4.60432326029603,0.28542214287341483
2024-05-14 09:55:00-04:00,52.849998474121094,52.95000076293945,52.7599983215332,52.7599983215332,52.7599983215332,6110,52.775001525878906,57.853629977422784,48.91661402435821,66.1988699689585,53.40999984741211,0.4891783895934774,78.88499195296137,1.8419744511158287,52.58000183105469,0.8632279948574398,51.529858275944015,-4.60432326029603,0.27588017272669835
2024-05-14 10:00:00-04:00,52.775001525878906,53.060001373291016,52.775001525878906,53.060001373291016,53.060001373291016,26970,53.029998779296875,63.69842251485278,53.13342552194591,56.295640551940586,53.40999984741211,0.4891783895934774,78.88499195296137,1.8419744511158287,52.58000183105469,0.8632279948574398,51.529858275944015,-4.60432326029603,0.2782924606298097
2024-05-14 10:05:00-04:00,53.029998779296875,53.06999969482422,52.79999923706055,52.82500076293945,52.82500076293945,13693,52.79999923706055,57.02701368637335,50.51505119022747,50.85503024551051,53.40999984741211,0.4891783895934774,78.88499195296137,1.8419744511158287,52.58000183105469,0.8632279948574398,51.529858275944015,-4.60432326029603,0.27746326034319596
2024-05-14 10:10:00-04:00,52.79999923706055,52.97999954223633,52.75,52.915000915527344,52.915000915527344,13803,52.900001525878906,58.80642874492775,51.326905855881435,51.65846085601826,53.25,-0.299569084196247,63.69842251485278,-19.251531960812326,52.58000183105469,0.8632279948574398,51.529858275944015,-4.60432326029603,0.2727168885325092
2024-05-14 10:15:00-04:00,52.900001525878906,52.900001525878906,52.595001220703125,52.630001068115234,52.630001068115234,12984,52.650001525878906,51.529858275944015,40.578654911451935,47.47353731918693,53.06999969482422,-0.3380287421141432,63.69842251485278,-19.251531960812326,52.58000183105469,0.8632279948574398,51.529858275944015,-4.60432326029603,0.27744516916168016
2024-05-14 10:20:00-04:00,52.650001525878906,52.790000915527344,52.61000061035156,52.75,52.75,13565,52.79999923706055,54.10490797202539,35.221886406253745,42.375815724529026,53.06999969482422,-0.3380287421141432,63.69842251485278,-19.251531960812326,52.595001220703125,0.0285267955992702,51.529858275944015,-4.60432326029603,0.2677006827630903
2024-05-14 10:25:00-04:00,52.79999923706055,52.84000015258789,52.720001220703125,52.84000015258789,52.84000015258789,9246,52.88999938964844,55.993252130652735,24.435791866617233,33.41211106144096,53.06999969482422,-0.3380287421141432,63.69842251485278,-19.251531960812326,52.595001220703125,0.0285267955992702,51.529858275944015,-4.60432326029603,0.2529305076752578
2024-05-14 10:30:00-04:00,52.88999938964844,52.98500061035156,52.790000915527344,52.98500061035156,52.98500061035156,12319,53.02000045776367,58.925483118169275,23.80265126596957,27.82010984628017,53.06999969482422,-0.3380287421141432,58.925483118169275,-7.493026056603807,52.595001220703125,0.0285267955992702,48.81922624105217,-5.260313390299513,0.24713742639015393
2024-05-14 10:35:00-04:00,53.02000045776367,53.040000915527344,52.817501068115234,52.84629821777344,52.84629821777344,15194,52.81999969482422,55.14062298470225,18.850554815224385,22.36299931593705,53.040000915527344,-0.056526812642512046,58.925483118169275,-7.493026056603807,52.369998931884766,-0.4278016609871112,42.9931028165023,-11.934075718002005,0.24467366849234948
2024-05-14 10:40:00-04:00,52.81999969482422,52.88999938964844,52.72999954223633,52.88999938964844,52.88999938964844,8679,52.935001373291016,56.09744313125752,18.977515750400176,20.543573943864697,53.040000915527344,-0.056526812642512046,58.925483118169275,-7.493026056603807,52.290000915527344,-0.15275542865958733,42.9931028165023,-11.934075718002005,0.23620628638432545
2024-05-14 10:45:00-04:00,52.935001373291016,52.939998626708984,52.81999969482422,52.84830093383789,52.84830093383789,5969,52.875,54.894303791957825,14.065361205897156,17.297810590507225,53.040000915527344,-0.056526812642512046,58.925483118169275,-7.493026056603807,52.290000915527344,-0.15275542865958733,42.9931028165023,-11.934075718002005,0.22458555093436944
2024-05-14 10:50:00-04:00,52.875,53.029998779296875,52.849998474121094,52.86000061035156,52.86000061035156,8905,52.91999816894531,55.18473108839371,19.677287507764284,17.57338815468719,53.040000915527344,-0.056526812642512046,58.925483118169275,-7.493026056603807,52.290000915527344,-0.15275542865958733,42.59219864029355,-0.932484863722993,0.22029678038683093
2024-05-14 10:55:00-04:00,52.91999816894531,52.91999816894531,52.63999938964844,52.63999938964844,52.63999938964844,5806,52.599998474121094,48.81922624105217,14.111501198397184,15.951383304019528,53.040000915527344,-0.056526812642512046,58.925483118169275,-7.493026056603807,52.290000915527344,-0.15275542865958733,41.883294252532714,-1.6643996092988569,0.22626698027783534
2024-05-14 11:00:00-04:00,52.599998474121094,52.61000061035156,52.369998931884766,52.400001525878906,52.400001525878906,9727,52.3650016784668,42.9931028165023,10.011788684056622,14.600192463406016,53.040000915527344,-0.056526812642512046,56.09744313125752,-4.7993496824462145,52.27000045776367,-0.03824910578215883,41.634569001480074,-0.5938531232833953,0.230640328026419
2024-05-14 11:05:00-04:00,52.3650016784668,52.540000915527344,52.290000915527344,52.540000915527344,52.540000915527344,29866,52.43000030517578,46.96888852419313,6.4005865249652905,10.174625469139684,53.029998779296875,-0.018857722582619047,56.09744313125752,-4.7993496824462145,52.189998626708984,-0.15305496528421172,40.09572058272337,-3.69608346060218,0.2325762952237771
2024-05-14 11:10:00-04:00,52.43000030517578,52.43000030517578,52.33000183105469,52.369998931884766,52.369998931884766,5598,52.369998931884766,43.0432264481052,6.5054539514553475,7.639276386825738,53.029998779296875,-0.018857722582619047,55.18473108839371,-1.6270118421052346,52.189998626708984,-0.15305496528421172,40.09572058272337,-3.69608346060218,0.230318574148665
2024-05-14 11:15:00-04:00,52.369998931884766,52.400001525878906,52.29999923706055,52.349998474121094,52.349998474121094,5449,52.349998474121094,42.59219864029355,6.5054539514553475,6.470498142625314,53.029998779296875,-0.018857722582619047,55.18473108839371,-1.6270118421052346,52.189998626708984,-0.15305496528421172,40.09572058272337,-3.69608346060218,0.2172869456156344
2024-05-14 11:20:00-04:00,52.349998474121094,52.400001525878906,52.29999923706055,52.31999969482422,52.31999969482422,5485,52.31999969482422,41.883294252532714,0.10486742649002735,4.371925109800226,52.91999816894531,-0.2074309124715786,48.81922624105217,-11.534902357584041,52.189998626708984,-0.15305496528421172,40.09572058272337,-3.69608346060218,0.20555847993590692
2024-05-14 11:25:00-04:00,52.31999969482422,52.36000061035156,52.27000045776367,52.310001373291016,52.310001373291016,3798,52.255001068115234,41.634569001480074,0.0,2.203440459315111,52.61000061035156,-0.5857852783820839,48.455039265196135,-0.7459908808423322,52.189998626708984,-0.15305496528421172,40.09572058272337,-3.69608346060218,0.1940026472011053
2024-05-14 11:30:00-04:00,52.255001068115234,52.40999984741211,52.189998626708984,52.25,52.25,14263,52.27000045776367,40.09572058272337,0.0,0.034955808829994904,52.56999969482422,-0.07603291211419061,48.455039265196135,-0.7459908808423322,52.189998626708984,-0.15305496528421172,40.09572058272337,-3.69608346060218,0.1966025045513073
2024-05-14 11:35:00-04:00,52.27000045776367,52.33000183105469,52.2599983215332,52.29499816894531,52.29499816894531,3995,52.25,41.83209557447703,3.073812868475327,1.0246042894917615,52.56999969482422,-0.07603291211419061,48.455039265196135,-0.7459908808423322,52.16999816894531,-0.03832239565041175,40.09572058272337,-3.69608346060218,0.18494243720164533
2024-05-14 11:40:00-04:00,52.25,52.27000045776367,52.209999084472656,52.2400016784668,52.2400016784668,5208,52.23509979248047,40.29479277374025,3.488501954630654,2.187438274368646,52.56999969482422,-0.07603291211419061,48.455039265196135,-0.7459908808423322,52.16999816894531,-0.03832239565041175,40.09572058272337,-3.69608346060218,0.1749481019287464
2024-05-14 11:45:00-04:00,52.23509979248047,52.56999969482422,52.23509979248047,52.459999084472656,52.459999084472656,34304,52.459999084472656,48.455039265196135,20.901874498572866,9.154729773892933,52.56999969482422,-0.07603291211419061,48.455039265196135,-0.7459908808423322,52.150001525878906,-0.038329775288950346,40.09572058272337,-3.69608346060218,0.19094328197024676
2024-05-14 11:50:00-04:00,52.459999084472656,52.459999084472656,52.33000183105469,52.439998626708984,52.439998626708984,3121,52.45000076293945,47.81520986407096,34.88128783612046,19.757221429774646,52.56999969482422,-0.07603291211419061,48.455039265196135,-0.7459908808423322,52.150001525878906,-0.038329775288950346,40.09572058272337,-3.69608346060218,0.18484867911501895
2024-05-14 11:55:00-04:00,52.45000076293945,52.47999954223633,52.31999969482422,52.31999969482422,52.31999969482422,7494,52.2599983215332,44.05635199624572,43.216082161604305,32.99974816543253,52.56999969482422,-0.07603291211419061,48.455039265196135,-0.7459908808423322,52.150001525878906,-0.038329775288950346,40.09572058272337,-3.69608346060218,0.182363795944728
2024-05-14 12:00:00-04:00,52.2599983215332,52.2599983215332,52.16999816894531,52.25,52.25,1991,52.185001373291016,41.98302858224559,33.01429050208289,37.03722016660254,52.56999969482422,-0.07603291211419061,48.942455084655535,1.0059135785480564,52.150001525878906,-0.038329775288950346,40.29479277374025,0.4964923640820131,0.17912756893814583
2024-05-14 12:05:00-04:00,52.185001373291016,52.22999954223633,52.185001373291016,52.21500015258789,52.21500015258789,6787,52.15999984741211,40.94545499431192,19.34943617924631,31.85993628097782,52.56999969482422,-0.07603291211419061,48.942455084655535,1.0059135785480564,52.150001525878906,-0.038329775288950346,40.29479277374025,0.4964923640820131,0.16771467471522966
2024-05-14 12:10:00-04:00,52.15999984741211,52.25170135498047,52.150001525878906,52.25,52.25,10930,52.25,42.47645595071637,20.093291712341806,24.152339464556988,52.56999969482422,-0.07603291211419061,48.942455084655535,1.0059135785480564,52.150001525878906,-0.038329775288950346,40.94545499431192,1.6147550980723888,0.16111319015386294
2024-05-14 12:15:00-04:00,52.25,52.279998779296875,52.220001220703125,52.27000045776367,52.27000045776367,9769,52.29999923706055,43.379797570728016,25.977183927064324,21.80663727288413,52.47999954223633,-0.17120059560653106,48.942455084655535,1.0059135785480564,52.130001068115234,-0.0383517874946693,39.49822927789072,-3.534521027113381,0.15100162699785163
2024-05-14 12:20:00-04:00,52.29999923706055,52.36360168457031,52.29999923706055,52.345001220703125,52.345001220703125,5832,52.36000061035156,46.75643141801248,49.14883480926922,31.739770149558435,52.47999954223633,-0.17120059560653106,48.942455084655535,1.0059135785480564,52.10499954223633,-0.04795995658284797,39.49822927789072,-3.534521027113381,0.14526158697873054
2024-05-14 12:25:00-04:00,52.36000061035156,52.439998626708984,52.36000061035156,52.39500045776367,52.39500045776367,4371,52.41999816894531,48.942455084655535,72.98882919786789,49.371615978067126,52.439998626708984,-0.0762212573861604,48.942455084655535,1.0059135785480564,52.08000183105469,-0.0479756480208343,38.47945463673626,-2.579291932270817,0.14023516888144344
2024-05-14 12:30:00-04:00,52.41999816894531,52.43000030517578,52.34000015258789,52.34000015258789,52.34000015258789,7637,52.334999084472656,46.67241073259197,84.67346054830885,68.93704151848198,52.439998626708984,-0.0762212573861604,48.942455084655535,1.0059135785480564,52.060001373291016,-0.03840333536959639,38.47945463673626,-2.579291932270817,0.13521166725208816
2024-05-14 12:35:00-04:00,52.334999084472656,52.334999084472656,52.279998779296875,52.279998779296875,52.279998779296875,4068,52.279998779296875,44.260581884985825,73.80608799697052,77.15612591438241,52.439998626708984,-0.0762212573861604,48.942455084655535,1.0059135785480564,52.060001373291016,-0.03840333536959639,38.47945463673626,-2.579291932270817,0.12769063785598092
2024-05-14 12:40:00-04:00,52.279998779296875,52.279998779296875,52.130001068115234,52.150001525878906,52.150001525878906,5636,52.16999816894531,39.49822927789072,40.47275466363718,66.31743440297217,52.439998626708984,-0.0762212573861604,48.942455084655535,1.0059135785480564,52.060001373291016,-0.03840333536959639,38.47945463673626,-2.579291932270817,0.1299213451885469
2024-05-14 12:45:00-04:00,52.16999816894531,52.16999816894531,52.10499954223633,52.154998779296875,52.154998779296875,5145,52.18000030517578,39.76653144571728,16.63962096392765,43.63948787484511,52.439998626708984,-0.0762212573861604,48.942455084655535,1.0059135785480564,52.060001373291016,-0.03840333536959639,38.47945463673626,-2.579291932270817,0.12342907334059064
2024-05-14 12:50:00-04:00,52.18000030517578,52.20000076293945,52.08000183105469,52.119998931884766,52.119998931884766,5022,52.150001525878906,38.47945463673626,0.9469707498747189,19.353115459146505,52.439998626708984,-0.0762212573861604,54.02984559762098,10.394636934673192,52.060001373291016,-0.03840333536959639,38.47945463673626,-2.579291932270817,0.12308605919500815
2024-05-14 12:55:00-04:00,52.150001525878906,52.15999984741211,52.060001373291016,52.150001525878906,52.150001525878906,7904,52.15999984741211,40.26428983300141,6.633151003647263,8.073247572483197,52.52000045776367,0.1525587970056517,58.13382793567455,7.595769139555494,52.060001373291016,-0.03840333536959639,38.47945463673626,-2.579291932270817,0.12077730068761672
2024-05-14 13:00:00-04:00,52.15999984741211,52.20000076293945,52.13999938964844,52.18000030517578,52.18000030517578,8462,52.17499923706055,42.07388653719769,17.137426698655787,8.239182817392576,52.529998779296875,0.019037169546949503,58.13382793567455,7.595769139555494,52.060001373291016,-0.03840333536959639,38.47945463673626,-2.579291932270817,0.11469970794795661
2024-05-14 13:05:00-04:00,52.17499923706055,52.20000076293945,52.16999816894531,52.16999816894531,52.16999816894531,10273,52.150001525878906,41.621160145043945,27.14636414110953,16.972313947804178,52.529998779296875,0.019037169546949503,58.13382793567455,7.595769139555494,52.060001373291016,-0.03840333536959639,38.47945463673626,-2.579291932270817,0.106229996552575
2024-05-14 13:10:00-04:00,52.150001525878906,52.150001525878906,52.08000183105469,52.130001068115234,52.130001068115234,3414,52.13370132446289,39.777904741734424,25.59682426903675,23.29353836960067,52.529998779296875,0.019037169546949503,58.13382793567455,7.595769139555494,52.060001373291016,-0.03840333536959639,38.47945463673626,-2.579291932270817,0.10460663068638001
2024-05-14 13:15:00-04:00,52.13370132446289,52.40999984741211,52.13370132446289,52.38999938964844,52.38999938964844,12706,52.36000061035156,54.02984559762098,47.47891115748682,33.40736652254435,52.529998779296875,0.019037169546949503,58.13382793567455,7.595769139555494,52.060001373291016,-0.03840333536959639,38.47945463673626,-2.579291932270817,0.12214584554742951
2024-05-14 13:20:00-04:00,52.36000061035156,52.52000045776367,52.33000183105469,52.4900016784668,52.4900016784668,14532,52.5099983215332,58.13382793567455,70.8033070483664,47.95968082496331,52.529998779296875,0.019037169546949503,58.13382793567455,7.595769139555494,52.060001373291016,-0.03840333536959639,39.777904741734424,3.3743984088551495,0.128931123663585
2024-05-14 13:25:00-04:00,52.5099983215332,52.529998779296875,52.34000015258789,52.375,52.375,10250,52.400001525878906,52.34628401184597,90.18446796241996,69.48889538942439,52.529998779296875,0.019037169546949503,58.13382793567455,7.595769139555494,52.08000183105469,0.0384180891972334,39.777904741734424,3.3743984088551495,0.13503787396812494
2024-05-14 13:30:00-04:00,52.400001525878906,52.4900016784668,52.2599983215332,52.2599983215332,52.2599983215332,4711,52.279998779296875,47.27749177621028,71.77238905875475,77.58672135651369,52.529998779296875,0.019037169546949503,58.13382793567455,7.595769139555494,52.08000183105469,0.0384180891972334,39.777904741734424,3.3743984088551495,0.14453442226467184
2024-05-14 13:35:00-04:00,52.279998779296875,52.36000061035156,52.279998779296875,52.316898345947266,52.316898345947266,3686,52.29999923706055,49.864268509526006,57.74741982269631,73.23475894795699,52.529998779296875,0.019037169546949503,58.13382793567455,7.595769139555494,52.08000183105469,0.0384180891972334,39.777904741734424,3.3743984088551495,0.14008120892004058
2024-05-14 13:40:00-04:00,52.29999923706055,52.349998474121094,52.2599983215332,52.26900100708008,52.26900100708008,4906,52.20000076293945,47.7408450991919,49.93670878719894,59.81883922288332,52.529998779296875,0.019037169546949503,58.13382793567455,7.595769139555494,52.13370132446289,0.10310962273465735,43.51697862466368,9.399876406778837,0.1350731032868256
2024-05-14 13:45:00-04:00,52.20000076293945,52.220001220703125,52.20000076293945,52.220001220703125,52.220001220703125,1697,52.18000030517578,45.601439228595346,47.09416492156222,51.59276451048581,52.529998779296875,0.019037169546949503,58.13382793567455,7.595769139555494,52.06999969482422,-0.1221889641830992,43.51697862466368,9.399876406778837,0.12846581737220553
2024-05-14 13:50:00-04:00,52.18000030517578,52.2599983215332,52.13999938964844,52.2599983215332,52.2599983215332,11450,52.2599983215332,47.66315881732244,43.36113706269808,46.79733692381973,52.529998779296875,0.019037169546949503,52.34628401184597,-9.95555278113208,52.06999969482422,-0.1221889641830992,43.51697862466368,9.399876406778837,0.12761912882346155
2024-05-14 13:55:00-04:00,52.2599983215332,52.2599983215332,52.18000030517578,52.18000030517578,52.18000030517578,5484,52.16999816894531,44.065834638291506,37.12840977938667,42.52790392121564,52.4900016784668,-0.07614144633455004,54.65388586980943,4.408339391276087,52.06999969482422,-0.1221889641830992,43.51697862466368,9.399876406778837,0.12285701757685759
2024-05-14 14:00:00-04:00,52.16999816894531,52.27000045776367,52.13999938964844,52.27000045776367,52.27000045776367,7975,52.2400016784668,48.7520472373649,41.34624175517354,40.61192953241942,52.650001525878906,0.30481966526159743,63.19041501490911,15.619253799143346,52.06999969482422,-0.1221889641830992,43.51697862466368,9.399876406778837,0.12357142263069527
2024-05-14 14:05:00-04:00,52.2400016784668,52.2400016784668,52.150001525878906,52.150001525878906,52.150001525878906,3434,52.11000061035156,43.51697862466368,32.56085526654102,37.01183560036706,52.650001525878906,0.30481966526159743,63.19041501490911,15.619253799143346,52.06999969482422,-0.1221889641830992,43.51697862466368,9.399876406778837,0.12321417355610231
2024-05-14 14:10:00-04:00,52.11000061035156,52.220001220703125,52.06999969482422,52.16999816894531,52.16999816894531,32301,52.18000030517578,44.58485840937742,31.81565220318397,35.24091640829949,52.75,0.18993061960680435,65.09563102673481,3.0150395615793713,52.06999969482422,-0.1221889641830992,43.51697862466368,9.399876406778837,0.12589290878838272
2024-05-14 14:15:00-04:00,52.18000030517578,52.275001525878906,52.15999984741211,52.275001525878906,52.275001525878906,12898,52.279998779296875,49.93727271583106,33.96795560582158,32.781487691848845,52.75,0.18993061960680435,65.09563102673481,3.0150395615793713,52.06999969482422,-0.1221889641830992,43.51697862466368,9.399876406778837,0.12480378575622413
2024-05-14 14:20:00-04:00,52.279998779296875,52.380001068115234,52.27000045776367,52.380001068115234,52.380001068115234,12346,52.40999984741211,54.65388586980943,52.57542452035228,39.453010776452594,52.75,0.18993061960680435,65.09563102673481,3.0150395615793713,52.06999969482422,-0.1221889641830992,43.51697862466368,9.399876406778837,0.12332346821575797
2024-05-14 14:25:00-04:00,52.40999984741211,52.650001525878906,52.40999984741211,52.619998931884766,52.619998931884766,24712,52.619998931884766,63.19041501490911,77.17959794009812,54.574326022090645,52.75,0.18993061960680435,65.09563102673481,3.0150395615793713,52.06999969482422,-0.1221889641830992,43.51697862466368,9.399876406778837,0.13799116717054935
2024-05-14 14:30:00-04:00,52.619998931884766,52.650001525878906,52.619998931884766,52.619998931884766,52.619998931884766,4100,52.63999938964844,63.19041501490909,92.06408533097553,73.93970259714196,52.75,0.18993061960680435,65.09563102673481,3.0150395615793713,52.06999969482422,-0.1221889641830992,43.51697862466368,9.399876406778837,0.12719230985290847
2024-05-14 14:35:00-04:00,52.63999938964844,52.75,52.63999938964844,52.68000030517578,52.68000030517578,12825,52.68000030517578,65.09563102673481,99.99999999999996,89.74789442369119,52.75,0.18993061960680435,65.09563102673481,3.0150395615793713,52.06999969482422,-0.1221889641830992,44.58485840937742,2.45393825229518,0.12747318567914107
2024-05-14 14:40:00-04:00,52.68000030517578,52.75,52.619998931884766,52.619998931884766,52.619998931884766,15374,52.5,61.658763472580894,94.69094502888717,95.58501011995419,52.75,0.18993061960680435,65.09563102673481,3.0150395615793713,52.15999984741211,0.17284454218431017,49.93727271583106,12.005004607860052,0.1277259739227504
2024-05-14 14:45:00-04:00,52.5,52.5,52.459999084472656,52.46009826660156,52.46009826660156,2565,52.45000076293945,53.54530341926554,76.84873166564576,90.51322556484428,52.75,0.18993061960680435,65.09563102673481,3.0150395615793713,52.27000045776367,0.21089074132161856,50.20768118699479,0.5414962741407562,0.13095336127168627
2024-05-14 14:50:00-04:00,52.45000076293945,52.5099983215332,52.45000076293945,52.470001220703125,52.470001220703125,4423,52.459999084472656,53.949455888123424,59.6308273978433,77.05683469745873,52.75,0.18993061960680435,65.09563102673481,3.0150395615793713,52.349998474121094,0.15304766722178162,50.20768118699479,0.5414962741407562,0.12385778100389264
2024-05-14 14:55:00-04:00,52.459999084472656,52.61000061035156,52.459999084472656,52.54999923706055,52.54999923706055,8983,52.529998779296875,57.18959793828079,52.72714399348152,63.06890101899017,52.75,0.18993061960680435,65.09563102673481,3.0150395615793713,52.349998474121094,0.15304766722178162,49.488969176801376,-1.4314781985581537,0.12647215549139398
2024-05-14 15:00:00-04:00,52.529998779296875,52.66999816894531,52.529998779296875,52.630001068115234,52.630001068115234,17089,52.650001525878906,60.20511590718572,63.014799842464576,58.45759041126311,52.75,0.18993061960680435,65.09563102673481,3.0150395615793713,52.34000015258789,-0.019098991069017385,49.488969176801376,-1.4314781985581537,0.12782487890709832
2024-05-14 15:05:00-04:00,52.650001525878906,52.650001525878906,52.560001373291016,52.560001373291016,52.560001373291016,10406,52.560001373291016,56.45782296931018,66.88956618475635,60.8771700069008,52.75,0.18993061960680435,61.658763472580894,-5.279720773798767,52.34000015258789,-0.019098991069017385,48.09436721855232,-2.818005671661461,0.12404240627517756
2024-05-14 15:10:00-04:00,52.560001373291016,52.560001373291016,52.43000030517578,52.43000030517578,52.43000030517578,42718,52.38999938964844,50.20768118699479,56.10434410323922,62.00290337682003,52.66999816894531,-0.15166223896623224,60.20511590718572,-2.3575684680111966,52.279998779296875,-0.1146377017884837,45.121768400002296,-6.1807629260237995,0.12463827245918324
2024-05-14 15:15:00-04:00,52.38999938964844,52.52000045776367,52.349998474121094,52.52000045776367,52.52000045776367,7413,52.52000045776367,54.00403341717019,45.63325591334981,56.20905540044844,52.66999816894531,-0.15166223896623224,60.20511590718572,-2.3575684680111966,52.27000045776367,-0.019124563440430887,45.121768400002296,-6.1807629260237995,0.12917464357752273
2024-05-14 15:20:00-04:00,52.52000045776367,52.52000045776367,52.38999938964844,52.41999816894531,52.41999816894531,14151,52.369998931884766,49.488969176801376,25.643060505527167,42.46022017403871,52.66999816894531,-0.15166223896623224,60.20511590718572,-2.3575684680111966,52.27000045776367,-0.019124563440430887,45.121768400002296,-6.1807629260237995,0.12925728603129388
2024-05-14 15:25:00-04:00,52.369998931884766,52.4630012512207,52.34000015258789,52.4630012512207,52.4630012512207,12689,52.465999603271484,51.371753920657916,19.329014679476696,30.201777032784538,52.66999816894531,-0.15166223896623224,60.20511590718572,-2.3575684680111966,52.27000045776367,-0.019124563440430887,45.121768400002296,-6.1807629260237995,0.12863166729144576
2024-05-14 15:30:00-04:00,52.465999603271484,52.52000045776367,52.375,52.38999938964844,52.38999938964844,27076,52.380001068115234,48.09436721855232,4.0213270502911636,16.331134078431656,52.650001525878906,-0.037965908034142376,56.45782296931018,-6.224210154586362,52.27000045776367,-0.019124563440430887,45.121768400002296,-6.1807629260237995,0.13026854633866838
2024-05-14 15:35:00-04:00,52.380001068115234,52.380001068115234,52.279998779296875,52.31999969482422,52.31999969482422,13821,52.29999923706055,45.121768400002296,4.0213270502911636,9.12388959335299,53.58000183105469,1.7663822948203731,77.3159815139228,36.9446738248318,52.27000045776367,-0.019124563440430887,45.121768400002296,-6.1807629260237995,0.1282417527399578
2024-05-14 15:40:00-04:00,52.29999923706055,52.43000030517578,52.27000045776367,52.40999984741211,52.40999984741211,34798,52.41999816894531,49.44802243985579,7.2198588069846465,5.087504302522306,53.599998474121094,0.037321094406563275,77.3159815139228,36.9446738248318,52.27000045776367,-0.019124563440430887,45.121768400002296,-6.1807629260237995,0.13141756220717296
2024-05-14 15:45:00-04:00,52.41999816894531,52.45000076293945,52.369998931884766,52.38750076293945,52.38750076293945,29753,52.380001068115234,48.420369908232566,13.868792493250224,8.369992783508659,53.599998474121094,0.037321094406563275,77.3159815139228,36.9446738248318,52.27000045776367,-0.019124563440430887,45.121768400002296,-6.1807629260237995,0.12627598909192442
2024-05-14 15:50:00-04:00,52.380001068115234,52.560001373291016,52.369998931884766,52.5,52.5,63469,52.4900016784668,53.611663403344814,32.630973764790944,17.90654168834192,53.599998474121094,0.037321094406563275,77.3159815139228,36.9446738248318,52.27000045776367,-0.019124563440430887,45.121768400002296,-6.1807629260237995,0.132648634323357
2024-05-14 15:55:00-04:00,52.4900016784668,52.59000015258789,52.38999938964844,52.540000915527344,52.540000915527344,128598,53.290000915527344,55.33308922950456,47.97754862389429,31.492438293978466,53.599998474121094,0.037321094406563275,77.3159815139228,36.9446738248318,52.27000045776367,-0.019124563440430887,45.121768400002296,-6.1807629260237995,0.1393838471849666
2024-05-15 09:30:00-04:00,53.290000915527344,53.58000183105469,53.20800018310547,53.5099983215332,53.5099983215332,34408,53.529998779296875,77.3159815139228,74.66194827096206,51.756823553215746,53.599998474121094,0.037321094406563275,77.3159815139228,36.9446738248318,52.27000045776367,-0.019124563440430887,45.121768400002296,-6.1807629260237995,0.22944555401920433
2024-05-15 09:35:00-04:00,53.529998779296875,53.599998474121094,53.334999084472656,53.38999938964844,53.38999938964844,6977,53.36000061035156,72.55848363073449,84.30726902848299,68.98225530777977,53.599998474121094,0.037321094406563275,77.3159815139228,36.9446738248318,52.27000045776367,-0.019124563440430887,48.420369908232566,7.310443772922033,0.23300093758212764
2024-05-15 09:40:00-04:00,53.36000061035156,53.400001525878906,53.029998779296875,53.20000076293945,53.20000076293945,9309,53.209999084472656,65.66841383238857,83.01447788492031,80.66123172812176,53.599998474121094,0.037321094406563275,77.3159815139228,36.9446738248318,52.369998931884766,0.19131140854283454,48.420369908232566,7.310443772922033,0.246701118482118
2024-05-15 09:45:00-04:00,53.209999084472656,53.279998779296875,53.029998779296875,53.244998931884766,53.244998931884766,21954,53.209999084472656,66.48024427334195,71.79534231932644,79.7056964109099,53.599998474121094,0.037321094406563275,77.3159815139228,36.9446738248318,52.369998931884766,0.19131140854283454,50.15720261797731,3.5869876934778335,0.24703100663390623
2024-05-15 09:50:00-04:00,53.209999084472656,53.40999984741211,53.209999084472656,53.404998779296875,53.404998779296875,26965,53.369998931884766,69.26339524622715,68.38366460274679,74.39782826899783,53.599998474121094,0.037321094406563275,77.3159815139228,36.9446738248318,52.38999938964844,0.03819067819666284,50.15720261797731,3.5869876934778335,0.24232798226446092
2024-05-15 09:55:00-04:00,53.369998931884766,53.404998779296875,53.189998626708984,53.290000915527344,53.290000915527344,7215,53.290000915527344,65.08081944312661,67.7752795003448,69.31809547413933,53.599998474121094,0.037321094406563275,77.3159815139228,36.9446738248318,52.689998626708984,0.5726269145935946,50.15720261797731,3.5869876934778335,0.2395951992968039
2024-05-15 10:00:00-04:00,53.290000915527344,53.290000915527344,53.16999816894531,53.269901275634766,53.269901275634766,7406,53.20000076293945,64.34939794811312,65.5690379441488,67.24266068241344,53.599998474121094,0.037321094406563275,72.55848363073449,-6.153317580701725,52.689998626708984,0.5726269145935946,50.15720261797731,3.5869876934778335,0.22763595402532663
2024-05-15 10:05:00-04:00,53.20000076293945,53.25,52.939998626708984,52.939998626708984,52.939998626708984,8510,52.994998931884766,53.684722801073235,49.43914902070763,60.927822155067055,53.40999984741211,-0.35447505992135175,69.26339524622715,-4.541286173063844,52.689998626708984,0.5726269145935946,50.15720261797731,3.5869876934778335,0.2378626235153721
2024-05-15 10:10:00-04:00,52.994998931884766,52.994998931884766,52.689998626708984,52.810001373291016,52.810001373291016,10212,52.79999923706055,50.15720261797731,33.98749339516453,49.665226786673635,53.40999984741211,-0.35447505992135175,69.26339524622715,-4.541286173063844,52.689998626708984,0.5726269145935946,50.15720261797731,3.5869876934778335,0.24457639168141304
2024-05-15 10:15:00-04:00,52.79999923706055,52.90999984741211,52.7599983215332,52.86000061035156,52.86000061035156,8596,52.880001068115234,51.477808075883125,17.6065296895794,33.6777240351505,53.40999984741211,-0.35447505992135175,69.26339524622715,-4.541286173063844,52.689998626708984,0.5726269145935946,50.15720261797731,3.5869876934778335,0.23511890510116235
2024-05-15 10:20:00-04:00,52.880001068115234,52.91749954223633,52.83000183105469,52.849998474121094,52.849998474121094,3526,52.849998474121094,51.18563991450266,11.93054812928941,21.174857071344427,53.404998779296875,-0.009363542650293965,65.08081944312661,-6.038652578655337,52.689998626708984,0.5726269145935946,50.15720261797731,3.5869876934778335,0.2203567857092102
2024-05-15 10:25:00-04:00,52.849998474121094,53.029998779296875,52.83000183105469,52.93000030517578,52.93000030517578,12304,53.04999923706055,53.4608581364731,10.771688671926947,13.4362554969319,53.290000915527344,-0.21533164759496565,64.34939794811312,-1.1238664498572786,52.689998626708984,0.5726269145935946,50.06141658403298,-0.19097164304373912,0.2183208019625079
2024-05-15 10:30:00-04:00,53.04999923706055,53.08000183105469,52.93000030517578,53.08000183105469,53.08000183105469,5225,53.09000015258789,57.46409736031709,16.21281505714432,12.97168395278687,53.25,-0.07506270377204761,57.46409736031709,-10.699867920050874,52.689998626708984,0.5726269145935946,50.06141658403298,-0.19097164304373912,0.2114888743541477
2024-05-15 10:35:00-04:00,53.09000015258789,53.13999938964844,52.91999816894531,52.91999816894531,52.91999816894531,9560,52.91999816894531,52.2965426878602,15.648580740157245,14.211028156409483,53.13999938964844,-0.206573916153169,57.46409736031709,-10.699867920050874,52.63999938964844,-0.09489322141527227,43.627366196380656,-12.852313871007114,0.21234010898904546
2024-05-15 10:40:00-04:00,52.91999816894531,52.91999816894531,52.84000015258789,52.88999938964844,52.88999938964844,4183,52.880001068115234,51.36392206915228,13.389449184435662,15.08361499391239,53.13999938964844,-0.206573916153169,57.46409736031709,-10.699867920050874,52.6349983215332,-0.00950050944760806,43.491888168214544,-0.310534510738701,0.1991058997258831
2024-05-15 10:45:00-04:00,52.880001068115234,53.0,52.86000061035156,52.994998931884766,52.994998931884766,8627,53.0,54.42733119987116,11.871146285694039,13.63639207009563,53.13999938964844,-0.206573916153169,57.46409736031709,-10.699867920050874,52.57500076293945,-0.11398795574617648,43.491888168214544,-0.310534510738701,0.19319524871813853
2024-05-15 10:50:00-04:00,53.0,53.0,52.83000183105469,52.86000061035156,52.86000061035156,7729,52.849998474121094,50.06141658403298,9.245426773930236,11.502007414686625,53.13999938964844,-0.206573916153169,57.46409736031709,-10.699867920050874,52.57500076293945,-0.11398795574617648,43.491888168214544,-0.310534510738701,0.19087554074085594
2024-05-15 10:55:00-04:00,52.849998474121094,52.88999938964844,52.810001373291016,52.88999938964844,52.88999938964844,2882,52.88999938964844,51.00199815554939,9.082601842377516,10.06639163400058,53.13999938964844,-0.206573916153169,57.46409736031709,-10.699867920050874,52.52000045776367,-0.10461303733266213,42.36485814984861,-2.5913568387900217,0.17978778830251255
2024-05-15 11:00:00-04:00,52.88999938964844,52.88999938964844,52.63999938964844,52.63999938964844,52.63999938964844,18226,52.67499923706055,43.627366196380656,1.6327858499434407,6.653604822083712,53.13999938964844,-0.206573916153169,54.42733119987116,-5.284632144144709,52.40999984741211,-0.20944518163137577,42.36485814984861,-2.5913568387900217,0.18680900947226128
2024-05-15 11:05:00-04:00,52.67499923706055,52.67499923706055,52.6349983215332,52.6349983215332,52.6349983215332,1935,52.599998474121094,43.491888168214544,1.6327858499434407,4.116057847421447,53.0,-0.2634538789168844,54.42733119987116,-5.284632144144709,52.40999984741211,-0.20944518163137577,42.36485814984861,-2.5913568387900217,0.17212820007776952
2024-05-15 11:10:00-04:00,52.599998474121094,52.86000061035156,52.57500076293945,52.79999923706055,52.79999923706055,19452,52.790000915527344,49.10720705760902,13.396399505594744,5.55399040182719,53.0,-0.2634538789168844,54.42733119987116,-5.284632144144709,52.40999984741211,-0.20944518163137577,42.36485814984861,-2.5913568387900217,0.18341536481120352
2024-05-15 11:15:00-04:00,52.790000915527344,52.790000915527344,52.630001068115234,52.630001068115234,52.630001068115234,24292,52.654998779296875,44.23048602270255,15.158463624764199,10.062549660100776,53.0,-0.2634538789168844,54.320907070515,-0.19553435196987126,52.40999984741211,-0.20944518163137577,42.36485814984861,-2.5913568387900217,0.18207364522461442
2024-05-15 11:20:00-04:00,52.654998779296875,52.68000030517578,52.52000045776367,52.560001373291016,52.560001373291016,13363,52.52000045776367,42.36485814984861,15.158463624764199,14.571108918374362,52.959999084472656,-0.07547342552329009,54.320907070515,-0.19553435196987126,52.40999984741211,-0.20944518163137577,42.36485814984861,-2.5913568387900217,0.1798662654433639
2024-05-15 11:25:00-04:00,52.52000045776367,52.599998474121094,52.40999984741211,52.599998474121094,52.599998474121094,11480,52.599998474121094,43.82293169598034,4.980931696552257,11.765952982026866,52.959999084472656,-0.07547342552329009,54.320907070515,-0.19553435196987126,52.40999984741211,-0.20944518163137577,42.36485814984861,-2.5913568387900217,0.18087950156992594
2024-05-15 11:30:00-04:00,52.599998474121094,52.79999923706055,52.58000183105469,52.779998779296875,52.779998779296875,12713,52.790000915527344,49.95846224845158,19.9826351481759,13.374010156497434,52.959999084472656,-0.07547342552329009,54.320907070515,-0.19553435196987126,52.40999984741211,-0.20944518163137577,42.36485814984861,-2.5913568387900217,0.1847912920135193
2024-05-15 11:35:00-04:00,52.790000915527344,52.900001525878906,52.790000915527344,52.84000015258789,52.84000015258789,4512,52.880001068115234,51.84642833889341,40.91430827616396,21.95929170696402,52.959999084472656,-0.07547342552329009,54.320907070515,-0.19553435196987126,52.40999984741211,-0.20944518163137577,42.36485814984861,-2.5913568387900217,0.17831243747037048
2024-05-15 11:40:00-04:00,52.880001068115234,52.939998626708984,52.86000061035156,52.91999816894531,52.91999816894531,7153,52.95000076293945,54.320907070515,70.73468251673222,43.87720864702401,52.959999084472656,-0.07547342552329009,54.320907070515,-0.19553435196987126,52.40999984741211,-0.20944518163137577,42.36485814984861,-2.5913568387900217,0.1704810411354428
2024-05-15 11:45:00-04:00,52.95000076293945,52.959999084472656,52.790000915527344,52.83000183105469,52.83000183105469,16709,52.79999923706055,51.137273388915006,78.21253107967766,63.2871739575246,52.9900016784668,0.05665142468428986,57.20302150224688,5.30571852931423,52.40999984741211,-0.20944518163137577,42.36485814984861,-2.5913568387900217,0.17043275391642976
2024-05-15 11:50:00-04:00,52.79999923706055,52.83000183105469,52.779998779296875,52.790000915527344,52.790000915527344,6732,52.78499984741211,49.741844405129385,77.66635774289809,75.53785711310265,53.0099983215332,0.03773663414419584,57.20302150224688,5.30571852931423,52.40999984741211,-0.20944518163137577,43.82293169598034,3.441705247718242,0.15838978370056803
2024-05-15 11:55:00-04:00,52.78499984741211,52.842498779296875,52.78499984741211,52.790000915527344,52.790000915527344,6272,52.83000183105469,49.74184440512939,65.19407274106106,73.69098718787892,53.0099983215332,0.03773663414419584,57.20302150224688,5.30571852931423,52.58000183105469,0.32436936488747664,49.741844405129385,13.506427982069399,0.1483006985189878
2024-05-15 12:00:00-04:00,52.83000183105469,52.86000061035156,52.790000915527344,52.86000061035156,52.86000061035156,8136,52.84000015258789,52.379164040526696,68.8722316576684,70.57755404720916,53.029998779296875,0.03772959516497001,57.20302150224688,5.30571852931423,52.779998779296875,0.3803669480362508,49.741844405129385,13.506427982069399,0.1404705981495109
2024-05-15 12:05:00-04:00,52.84000015258789,52.880001068115234,52.83000183105469,52.8650016784668,52.8650016784668,7887,52.869998931884766,52.57065780180859,76.94038942418078,70.33556460763674,53.189998626708984,0.3017157290121869,60.424119214566744,5.630992258325631,52.779998779296875,0.3803669480362508,49.741844405129385,13.506427982069399,0.1314234620406145
2024-05-15 12:10:00-04:00,52.869998931884766,52.9900016784668,52.849998474121094,52.9900016784668,52.9900016784668,15020,52.98500061035156,57.20302150224688,89.70676594140005,78.50646234108306,53.189998626708984,0.3017157290121869,60.424119214566744,5.630992258325631,52.779998779296875,0.3803669480362508,49.741844405129385,13.506427982069399,0.13228143627112338
2024-05-15 12:15:00-04:00,52.98500061035156,53.0099983215332,52.84000015258789,52.85499954223633,52.85499954223633,14248,52.84000015258789,51.36774595726321,82.01161392020079,82.88625642859385,53.189998626708984,0.3017157290121869,60.424119214566744,5.630992258325631,52.779998779296875,0.3803669480362508,49.741844405129385,13.506427982069399,0.13605310953854227
2024-05-15 12:20:00-04:00,52.84000015258789,52.91999816894531,52.83000183105469,52.91999816894531,52.91999816894531,10979,52.91999816894531,53.81078925695327,79.27077727180242,83.66305237780107,53.189998626708984,0.3017157290121869,60.424119214566744,5.630992258325631,52.78499984741211,0.009475309266577817,49.74184440512939,1.4284607743391777e-14,0.13144743237375053
2024-05-15 12:25:00-04:00,52.91999816894531,53.029998779296875,52.91999816894531,52.970001220703125,52.970001220703125,17978,52.9900016784668,55.65629644364937,75.79612203794443,79.02617107664919,53.189998626708984,0.3017157290121869,60.424119214566744,5.630992258325631,52.790000915527344,0.009474411536783517,51.36774595726321,3.268679663125148,0.12930275017153173
2024-05-15 12:30:00-04:00,52.9900016784668,53.189998626708984,52.9900016784668,53.11000061035156,53.11000061035156,50689,53.11000061035156,60.424119214566744,88.90483234213114,81.323910550626,53.189998626708984,0.3017157290121869,60.424119214566744,5.630992258325631,52.83000183105469,0.07577365946886755,50.95871117723674,-0.7962871883979128,0.1383722157549645
2024-05-15 12:35:00-04:00,53.11000061035156,53.11000061035156,53.0,53.060001373291016,53.060001373291016,7710,53.06999969482422,58.02461070127968,89.03783685828454,84.57959707945335,53.189998626708984,0.3017157290121869,60.424119214566744,5.630992258325631,52.83000183105469,0.07577365946886755,49.5418868557349,-2.7803378240357275,0.1355350552146243
2024-05-15 12:40:00-04:00,53.06999969482422,53.130001068115234,53.0,53.057498931884766,53.057498931884766,35244,53.04999923706055,57.900679445616866,84.63826488253319,87.5269780276496,53.189998626708984,0.3017157290121869,60.424119214566744,5.630992258325631,52.83000183105469,0.07577365946886755,49.5418868557349,-2.7803378240357275,0.13498165650468533
2024-05-15 12:45:00-04:00,53.04999923706055,53.06999969482422,52.959999084472656,52.959999084472656,52.959999084472656,13301,53.0099983215332,53.138531686805266,61.90406997327111,78.52672390469627,53.189998626708984,0.3017157290121869,60.424119214566744,5.630992258325631,52.83000183105469,0.07577365946886755,49.5418868557349,-2.7803378240357275,0.13248355188937305
2024-05-15 12:50:00-04:00,53.0099983215332,53.06999969482422,52.970001220703125,52.994998931884766,52.994998931884766,7631,53.02000045776367,54.582602045957195,51.163509194707345,65.9019480168372,53.189998626708984,0.3017157290121869,60.424119214566744,5.630992258325631,52.880001068115234,0.0946417477334937,49.5418868557349,-2.7803378240357275,0.130235257735592
2024-05-15 12:55:00-04:00,53.02000045776367,53.02000045776367,52.91999816894531,52.91999816894531,52.91999816894531,9429,52.88999938964844,50.95871117723674,29.501555499703535,47.52304488922732,53.189998626708984,0.3017157290121869,60.424119214566744,5.630992258325631,52.880001068115234,0.0946417477334937,49.18656392358376,-0.7172171968052683,0.12721196084386874
2024-05-15 13:00:00-04:00,52.88999938964844,52.95000076293945,52.88999938964844,52.88999938964844,52.88999938964844,3904,52.88999938964844,49.5418868557349,18.902417075632272,33.189160590014374,53.130001068115234,-0.11279857142846897,58.02461070127968,-3.9711104513851243,52.880001068115234,0.0946417477334937,49.18656392358376,-0.7172171968052683,0.12049090208858342
2024-05-15 13:05:00-04:00,52.88999938964844,53.0099983215332,52.88999938964844,52.91999816894531,52.91999816894531,7924,52.91999816894531,51.00878664758694,8.290408786062851,18.898127120466203,53.130001068115234,-0.11279857142846897,57.900679445616866,-0.21358395026694688,52.880001068115234,0.0946417477334937,49.18656392358376,-0.7172171968052683,0.12044170506820165
2024-05-15 13:10:00-04:00,52.91999816894531,52.955101013183594,52.880001068115234,52.95500183105469,52.95500183105469,5882,52.91999816894531,52.73541885503874,14.275354656049464,13.822726839248181,53.06999969482422,-0.11293313021788003,54.582602045957195,-5.730636378414473,52.880001068115234,0.0946417477334937,49.18656392358376,-0.7172171968052683,0.11590752906821741
2024-05-15 13:15:00-04:00,52.91999816894531,52.93000030517578,52.880001068115234,52.90999984741211,52.90999984741211,9565,52.90999984741211,50.28186347811825,16.541974830977058,13.035912757696444,53.09000015258789,0.037686937777809085,59.42311551050806,8.868235084276991,52.880001068115234,0.0946417477334937,49.18656392358376,-0.7172171968052683,0.11181685245534098
2024-05-15 13:20:00-04:00,52.90999984741211,52.93000030517578,52.880001068115234,52.88999938964844,52.88999938964844,14428,52.900001525878906,49.18656392358376,12.048718473634395,14.288682653553627,53.09000015258789,0.037686937777809085,59.42311551050806,8.868235084276991,52.880001068115234,0.0946417477334937,49.18656392358376,-0.7172171968052683,0.10563509091586157
2024-05-15 13:25:00-04:00,52.900001525878906,52.97999954223633,52.88999938964844,52.959999084472656,52.959999084472656,4553,52.959999084472656,53.041987902233224,13.702749234489895,14.097814179700435,53.09000015258789,0.037686937777809085,59.42311551050806,8.868235084276991,52.880001068115234,0.0946417477334937,49.18656392358376,-0.7172171968052683,0.10407159708306449
2024-05-15 13:30:00-04:00,52.959999084472656,52.97999954223633,52.90999984741211,52.92499923706055,52.92499923706055,7414,52.939998626708984,50.96000236735109,16.696580577845623,14.149349428656626,53.09000015258789,0.037686937777809085,59.42311551050806,8.868235084276991,52.880001068115234,0.0946417477334937,49.18656392358376,-0.7172171968052683,0.1006644068571799
2024-05-15 13:35:00-04:00,52.939998626708984,53.06999969482422,52.939998626708984,52.9900016784668,52.9900016784668,18979,52.959999084472656,54.529719090310024,32.545683662314566,20.98167115821668,53.09000015258789,0.037686937777809085,59.42311551050806,8.868235084276991,52.880001068115234,0.0946417477334937,49.18656392358376,-0.7172171968052683,0.10509801194782908
2024-05-15 13:40:00-04:00,52.959999084472656,53.09000015258789,52.95000076293945,53.09000015258789,53.09000015258789,11261,53.060001373291016,59.42311551050806,54.44288793608559,34.56171739208191,53.09000015258789,0.037686937777809085,59.42311551050806,8.868235084276991,52.880001068115234,0.0946417477334937,49.18656392358376,-0.7172171968052683,0.10858814971788992
2024-05-15 13:45:00-04:00,53.060001373291016,53.060001373291016,53.0099983215332,53.04999923706055,53.04999923706055,14196,53.029998779296875,56.79031309704025,73.94256228925676,53.64371129588562,53.09000015258789,0.037686937777809085,59.42311551050806,8.868235084276991,52.880001068115234,0.0946417477334937,49.18656392358376,-0.7172171968052683,0.10572951785156967
2024-05-15 13:50:00-04:00,53.029998779296875,53.060001373291016,53.029998779296875,53.060001373291016,53.060001373291016,4763,53.04999923706055,57.29976203621827,84.51250616521776,70.96598546352003,53.09000015258789,0.037686937777809085,59.42311551050806,8.868235084276991,52.88999938964844,0.01890756681401007,50.96000236735109,3.6055343213698343,0.09815682546582677
2024-05-15 13:55:00-04:00,53.04999923706055,53.05500030517578,52.96500015258789,52.96500015258789,52.96500015258789,21064,52.962501525878906,51.133193486476735,57.51799226198596,71.99102023882016,53.09000015258789,0.037686937777809085,59.42311551050806,8.868235084276991,52.88999938964844,0.01890756681401007,50.96000236735109,3.6055343213698343,0.09784126498955659
2024-05-15 14:00:00-04:00,52.962501525878906,52.994998931884766,52.88999938964844,52.994998931884766,52.994998931884766,9982,52.994998931884766,52.858450030553946,44.714647199609416,62.24838187560436,53.09000015258789,0.037686937777809085,59.42311551050806,8.868235084276991,52.88999938964844,0.01890756681401007,50.43760053058611,-1.0251212961082368,0.09855709271423374
2024-05-15 14:05:00-04:00,52.994998931884766,53.02000045776367,52.97999954223633,52.98500061035156,52.98500061035156,3778,52.98500061035156,52.19700537457984,28.09851555831055,43.443718339968626,53.09000015258789,0.037686937777809085,59.42311551050806,8.868235084276991,52.88999938964844,0.01890756681401007,50.43760053058611,-1.0251212961082368,0.09270147499554474
2024-05-15 14:10:00-04:00,52.98500061035156,53.04499816894531,52.970001220703125,53.03499984741211,53.03499984741211,15856,53.02000045776367,55.21509222990435,41.390422534228904,38.0678617640496,53.060001373291016,-0.056505517443312156,57.29976203621827,-3.5732786072354465,52.869998931884766,-0.037815197569441336,50.43760053058611,-1.0251212961082368,0.09093102232020901
2024-05-15 14:15:00-04:00,53.02000045776367,53.02000045776367,52.97999954223633,53.0099983215332,53.0099983215332,11582,53.0,53.39956741293533,43.15246573073069,37.547134607756696,53.060001373291016,-0.056505517443312156,57.29976203621827,-3.5732786072354465,52.849998474121094,-0.03782950287069143,43.55930667254776,-13.637234495061373,0.08733795060576624
2024-05-15 14:20:00-04:00,53.0,53.060001373291016,52.9900016784668,53.04999923706055,53.04999923706055,5813,53.029998779296875,55.89812596898821,55.204442945192945,46.582443736717494,53.060001373291016,-0.056505517443312156,55.89812596898821,-2.446146401697281,52.790000915527344,-0.11352423902742179,42.071327686566185,-3.4159840907645607,0.08560412502761149
2024-05-15 14:25:00-04:00,53.029998779296875,53.060001373291016,52.91999816894531,52.974998474121094,52.974998474121094,16560,52.974998474121094,50.43760053058611,39.64747320217653,46.00146062603337,53.060001373291016,-0.056505517443312156,55.89812596898821,-2.446146401697281,52.71500015258789,-0.14207380496065275,36.911789252941404,-12.263787993722568,0.09104403295942065
2024-05-15 14:30:00-04:00,52.974998474121094,53.029998779296875,52.970001220703125,53.0,53.0,15452,52.97999954223633,52.116813379765034,32.15798182409453,42.33663265715466,53.060001373291016,-0.056505517443312156,55.89812596898821,-2.446146401697281,52.70000076293945,-0.02845374106994316,35.671879493912364,-3.3591158383909403,0.08793938552285359
2024-05-15 14:35:00-04:00,52.97999954223633,53.0099983215332,52.869998931884766,53.0,53.0,10446,53.02000045776367,52.116813379765034,16.532421917998928,29.445958981423313,53.060001373291016,-0.056505517443312156,55.89812596898821,-2.446146401697281,52.70000076293945,-0.02845374106994316,35.671879493912364,-3.3591158383909403,0.09314538593541198
2024-05-15 14:40:00-04:00,53.02000045776367,53.02000045776367,52.849998474121094,52.875,52.875,15509,52.915000915527344,43.55930667254776,12.458665254995456,20.383022999029624,53.060001373291016,-0.056505517443312156,55.89812596898821,-2.446146401697281,52.57400131225586,-0.23908813825331313,30.952136200337254,-13.230991359399958,0.1008310457061286
2024-05-15 14:45:00-04:00,52.915000915527344,52.915000915527344,52.790000915527344,52.849998474121094,52.849998474121094,8590,52.81999969482422,42.071327686566185,6.229332627497721,11.740139933497353,53.060001373291016,-0.056505517443312156,55.89812596898821,-2.446146401697281,52.57400131225586,-0.23908813825331313,30.952136200337254,-13.230991359399958,0.10324794113551575
2024-05-15 14:50:00-04:00,52.81999969482422,52.81999969482422,52.71500015258789,52.755001068115234,52.755001068115234,9528,52.775001525878906,36.911789252941404,0.0,6.229332627497712,53.060001373291016,-0.056505517443312156,52.116813379765034,-6.764650019431807,52.57400131225586,-0.23908813825331313,30.952136200337254,-13.230991359399958,0.10642297917528447
2024-05-15 14:55:00-04:00,52.775001525878906,52.810001373291016,52.70000076293945,52.72999954223633,52.72999954223633,12066,52.720001220703125,35.671879493912364,0.0,2.0764442091658926,53.029998779296875,-0.05654465363290233,52.116813379765034,-6.764650019431807,52.57400131225586,-0.23908813825331313,30.952136200337254,-13.230991359399958,0.10678074229291226
2024-05-15 15:00:00-04:00,52.720001220703125,52.869998931884766,52.70000076293945,52.7599983215332,52.7599983215332,19302,52.765201568603516,38.34793052479695,4.410195492248467,1.470065164082808,53.02000045776367,-0.01885408591996142,52.116813379765034,-6.764650019431807,52.57400131225586,-0.23908813825331313,30.952136200337254,-13.230991359399958,0.1131024849581523
2024-05-15 15:05:00-04:00,52.765201568603516,52.765201568603516,52.57400131225586,52.599998474121094,52.599998474121094,8280,52.58000183105469,30.952136200337254,4.410195492248467,2.94013032816563,53.02000045776367,-0.01885408591996142,43.55930667254776,-16.41985791583302,52.529998779296875,-0.08369637436883973,30.952136200337254,-13.230991359399958,0.12091226209710268
2024-05-15 15:10:00-04:00,52.58000183105469,52.68000030517578,52.57500076293945,52.654998779296875,52.654998779296875,10601,52.66999816894531,35.553360292633215,10.558443680925551,6.459611555140814,52.915000915527344,-0.1980376109577214,42.071327686566185,-3.4159840907645607,52.529998779296875,-0.08369637436883973,30.952136200337254,-13.230991359399958,0.11932099011102522
2024-05-15 15:15:00-04:00,52.66999816894531,52.75,52.599998474121094,52.630001068115234,52.630001068115234,11928,52.61000061035156,34.43034832430763,10.79590519517699,8.58818145611699,52.869998931884766,-0.08504579583097535,38.34793052479695,-8.850201233269267,52.50199890136719,-0.05330264340444419,29.794585142568675,-3.7398099125577198,0.12238904368781331
2024-05-15 15:20:00-04:00,52.61000061035156,52.650001525878906,52.59000015258789,52.611000061035156,52.611000061035156,6450,52.619998931884766,33.56254818703066,14.283990201895314,11.879446359332604,52.869998931884766,-0.08504579583097535,38.34793052479695,-8.850201233269267,52.4630012512207,-0.0742784102749064,29.794585142568675,-3.7398099125577198,0.11615027664813353
2024-05-15 15:25:00-04:00,52.619998931884766,52.70500183105469,52.590999603271484,52.590999603271484,52.590999603271484,12802,52.61000061035156,32.63026699071449,10.37809413198924,11.8193298430205,52.869998931884766,-0.08504579583097535,38.34793052479695,-8.850201233269267,52.38999938964844,-0.1391492286586769,29.12687099013467,-2.241058733454275,0.1159354717616405
2024-05-15 15:30:00-04:00,52.61000061035156,52.619998931884766,52.529998779296875,52.619998931884766,52.619998931884766,19642,52.630001068115234,35.43085808883972,12.78420545614265,12.482096596675719,52.765201568603516,-0.1982170709257362,35.553360292633215,-7.287408196269367,52.36000061035156,-0.05726050705547891,29.12687099013467,-2.241058733454275,0.11334193984426551
2024-05-15 15:35:00-04:00,52.630001068115234,52.630001068115234,52.560001373291016,52.56100082397461,52.56100082397461,15573,52.57500076293945,32.47321983723451,11.691752920769492,11.618017502967113,53.334999084472656,1.079873664707429,70.11368191594569,97.20690629198697,52.36000061035156,-0.05726050705547891,29.12687099013467,-2.241058733454275,0.10900771534226084
2024-05-15 15:40:00-04:00,52.57500076293945,52.59000015258789,52.50199890136719,52.50199890136719,52.50199890136719,19393,52.5099983215332,29.794585142568675,9.449400801998479,11.30845305963686,53.3849983215332,0.09374564154647766,70.11368191594569,97.20690629198697,52.36000061035156,-0.05726050705547891,29.12687099013467,-2.241058733454275,0.10690706893010507
2024-05-15 15:45:00-04:00,52.5099983215332,52.595001220703125,52.4630012512207,52.540000915527344,52.540000915527344,31462,52.53499984741211,33.59403207972042,11.596561888083153,10.912571870283694,53.3849983215332,0.09374564154647766,70.11368191594569,97.20690629198697,52.36000061035156,-0.05726050705547891,29.12687099013467,-2.241058733454275,0.10941635898533675
2024-05-15 15:50:00-04:00,52.53499984741211,52.53499984741211,52.38999938964844,52.439998626708984,52.439998626708984,44419,52.43000030517578,29.12687099013467,9.200929416737988,10.082297368939859,53.3849983215332,0.09374564154647766,70.11368191594569,97.20690629198697,52.36000061035156,-0.05726050705547891,29.12687099013467,-2.241058733454275,0.11347487567469369
2024-05-15 15:55:00-04:00,52.43000030517578,52.4900016784668,52.36000061035156,52.45000076293945,52.45000076293945,79165,52.5,30.12765943249961,12.818693147695159,11.20539481750542,53.3849983215332,0.09374564154647766,70.11368191594569,97.20690629198697,52.36000061035156,-0.05726050705547891,29.12687099013467,-2.241058733454275,0.11512749491874777
2024-05-16 09:30:00-04:00,52.5,53.334999084472656,52.5,53.33000183105469,53.33000183105469,22291,53.3849983215332,70.11368191594569,36.95109706429049,19.656906542907862,53.3849983215332,0.09374564154647766,70.11368191594569,97.20690629198697,52.36000061035156,-0.05726050705547891,29.12687099013467,-2.241058733454275,0.1921145775801933
2024-05-16 09:35:00-04:00,53.3849983215332,53.3849983215332,52.95000076293945,52.95000076293945,52.95000076293945,9912,52.91999816894531,55.37649263895788,58.29912020953824,36.022970140507944,53.3849983215332,0.09374564154647766,70.11368191594569,97.20690629198697,52.36000061035156,-0.05726050705547891,29.12687099013467,-2.241058733454275,0.21640287568154895
2024-05-16 09:40:00-04:00,52.91999816894531,52.970001220703125,52.779998779296875,52.8650016784668,52.8650016784668,14708,52.8650016784668,52.70778635503527,73.8590015406993,56.369739604842664,53.3849983215332,0.09374564154647766,70.11368191594569,97.20690629198697,52.36000061035156,-0.05726050705547891,29.12687099013467,-2.241058733454275,0.21376283225401904
2024-05-16 09:45:00-04:00,52.8650016784668,52.900001525878906,52.630001068115234,52.7599983215332,52.7599983215332,4544,52.65999984741211,49.53211312649265,57.120634307796735,63.09291868601141,53.3849983215332,0.09374564154647766,70.11368191594569,97.20690629198697,52.36000061035156,-0.05726050705547891,29.12687099013467,-2.241058733454275,0.21938659480498432
2024-05-16 09:50:00-04:00,52.65999984741211,53.040000915527344,52.564998626708984,52.935001373291016,52.935001373291016,14766,52.79999923706055,54.45713844704871,56.37295135715744,62.45086240188448,53.3849983215332,0.09374564154647766,70.11368191594569,97.20690629198697,52.36000061035156,-0.05726050705547891,30.12765943249961,3.4359627668344754,0.24494816420632182
2024-05-16 09:55:00-04:00,52.79999923706055,52.94990158081055,52.790000915527344,52.93000030517578,52.93000030517578,3777,52.83000183105469,54.29407836999627,57.663034662111556,57.05220677568857,53.3849983215332,0.09374564154647766,70.11368191594569,97.20690629198697,52.5,0.267378510344707,43.91481631060493,45.762455955117105,0.23644341431400995
2024-05-16 10:00:00-04:00,52.83000183105469,53.1150016784668,52.81999969482422,53.03010177612305,53.03010177612305,24755,53.084999084472656,57.065254276955734,63.78951045623843,59.27516549183579,53.3849983215332,0.09374564154647766,57.065254276955734,-18.610387134757506,52.560001373291016,0.114288330078125,43.91481631060493,45.762455955117105,0.2422992712468668
2024-05-16 10:05:00-04:00,53.084999084472656,53.150001525878906,52.939998626708984,52.994998931884766,52.994998931884766,8488,53.04999923706055,55.787880440850316,64.87176266025462,62.10810259286819,53.150001525878906,-0.4401925691538503,57.065254276955734,-18.610387134757506,52.560001373291016,0.114288330078125,43.91481631060493,45.762455955117105,0.2390696340391723
2024-05-16 10:10:00-04:00,53.04999923706055,53.06999969482422,52.90999984741211,52.959999084472656,52.959999084472656,7187,52.90999984741211,54.47845854783555,65.02171348075393,64.56099553241565,53.150001525878906,-0.4401925691538503,57.065254276955734,-18.610387134757506,52.560001373291016,0.114288330078125,43.91481631060493,45.762455955117105,0.23116265537646602
2024-05-16 10:15:00-04:00,52.90999984741211,52.90999984741211,52.70000076293945,52.810001373291016,52.810001373291016,8372,52.71989822387695,49.1537088929304,58.58749297150624,62.82698970417158,53.150001525878906,-0.4401925691538503,57.065254276955734,-18.610387134757506,52.560001373291016,0.114288330078125,43.91481631060493,45.762455955117105,0.2340462219921397
2024-05-16 10:20:00-04:00,52.71989822387695,52.72999954223633,52.63999938964844,52.63999938964844,52.63999938964844,5895,52.630001068115234,43.91481631060493,48.9314891155858,57.513565189281984,53.150001525878906,-0.4401925691538503,57.065254276955734,-18.610387134757506,52.560001373291016,0.114288330078125,43.91481631060493,45.762455955117105,0.22764179815718352
2024-05-16 10:25:00-04:00,52.630001068115234,52.7599983215332,52.560001373291016,52.755001068115234,52.755001068115234,4271,52.76499938964844,47.95582861256503,43.62683152131974,50.38193786947058,53.150001525878906,-0.4401925691538503,57.065254276955734,-18.610387134757506,52.560001373291016,0.114288330078125,43.91481631060493,45.762455955117105,0.2248773131656839
2024-05-16 10:30:00-04:00,52.76499938964844,52.76499938964844,52.619998931884766,52.6349983215332,52.6349983215332,3683,52.63999938964844,44.3637795873909,39.20719058097231,43.92183707262594,53.150001525878906,-0.4401925691538503,55.787880440850316,-2.238444132581832,52.560001373291016,0.114288330078125,43.91481631060493,45.762455955117105,0.21688962762548272
2024-05-16 10:35:00-04:00,52.63999938964844,52.7598991394043,52.619998931884766,52.619998931884766,52.619998931884766,5252,52.624298095703125,43.92094693588769,27.18840215370711,36.67414141866637,53.06999969482422,-0.15052084432346508,54.47845854783555,-2.347144008102428,52.560001373291016,0.114288330078125,43.91481631060493,45.762455955117105,0.2091906856148876
2024-05-16 10:40:00-04:00,52.624298095703125,52.79999923706055,52.619998931884766,52.77000045776367,52.77000045776367,7906,52.72999954223633,49.364392613861504,25.688802129074446,30.694798287917944,52.90999984741211,-0.3014883141740695,49.364392613861504,-9.387317611939354,52.560001373291016,0.114288330078125,43.91481631060493,45.762455955117105,0.20627164757097693
2024-05-16 10:45:00-04:00,52.72999954223633,52.84000015258789,52.630001068115234,52.630001068115234,52.630001068115234,8874,52.63999938964844,44.97633396534139,16.5119246032914,23.129709628690975,52.84000015258789,-0.1322995558988695,49.364392613861504,-9.387317611939354,52.560001373291016,0.114288330078125,43.91481631060493,45.762455955117105,0.20664439126114487
2024-05-16 10:50:00-04:00,52.63999938964844,52.654998779296875,52.599998474121094,52.64500045776367,52.64500045776367,3958,52.599998474121094,45.53494396890536,20.61077518761364,20.93716730665982,52.84000015258789,-0.1322995558988695,49.364392613861504,-9.387317611939354,52.54999923706055,-0.019029939058470904,43.92094693588769,0.0139602662559342,0.19147998265260852
2024-05-16 10:55:00-04:00,52.599998474121094,52.650001525878906,52.59000015258789,52.61000061035156,52.61000061035156,3002,52.61000061035156,44.402176693726894,8.032700011633763,15.051799934179591,52.84000015258789,-0.1322995558988695,49.364392613861504,-9.387317611939354,52.5099983215332,-0.07611972618095371,41.82621215385745,-4.769329734825552,0.17833212171644924
2024-05-16 11:00:00-04:00,52.61000061035156,52.70000076293945,52.599998474121094,52.63999938964844,52.63999938964844,5045,52.68000030517578,45.65018105912344,9.740747291139543,12.794740830128973,52.84000015258789,-0.1322995558988695,51.19008579812841,3.698400988234279,52.5099983215332,-0.07611972618095371,41.82621215385745,-4.769329734825552,0.17049913842664027
2024-05-16 11:05:00-04:00,52.68000030517578,52.689998626708984,52.630001068115234,52.65999984741211,52.65999984741211,4546,52.689998626708984,46.51223375240989,12.217951943955947,9.997133082243074,52.84000015258789,-0.1322995558988695,51.19008579812841,3.698400988234279,52.5099983215332,-0.07611972618095371,41.82621215385745,-4.769329734825552,0.15944898044335126
2024-05-16 11:10:00-04:00,52.689998626708984,52.689998626708984,52.570098876953125,52.61000061035156,52.61000061035156,10920,52.56999969482422,44.60742662987754,12.92709185986526,11.628597031653575,52.84000015258789,-0.1322995558988695,51.19008579812841,3.698400988234279,52.5099983215332,-0.07611972618095371,41.82621215385745,-4.769329734825552,0.15549405737460206
2024-05-16 11:15:00-04:00,52.56999969482422,52.619998931884766,52.54999923706055,52.61000061035156,52.61000061035156,5095,52.59000015258789,44.60742662987754,10.713857804565874,11.952967202795685,52.798301696777344,-0.07891456413726874,51.19008579812841,3.698400988234279,52.5099983215332,-0.07611972618095371,41.82621215385745,-4.769329734825552,0.14694462111956372
2024-05-16 11:20:00-04:00,52.59000015258789,52.59000015258789,52.5099983215332,52.540000915527344,52.540000915527344,5714,52.53499984741211,41.82621215385745,4.130002451988247,9.256984038806452,52.798301696777344,-0.07891456413726874,51.19008579812841,3.698400988234279,52.5099983215332,-0.07611972618095371,41.82621215385745,-4.769329734825552,0.14225038788944327
2024-05-16 11:25:00-04:00,52.53499984741211,52.7400016784668,52.53499984741211,52.7400016784668,52.7400016784668,5633,52.70000076293945,51.19008579812841,35.51884947671919,16.787569911091094,52.798301696777344,-0.07891456413726874,51.19008579812841,3.698400988234279,52.5099983215332,-0.07611972618095371,41.82621215385745,-4.769329734825552,0.1485255322059677
2024-05-16 11:30:00-04:00,52.70000076293945,52.798301696777344,52.650001525878906,52.71039962768555,52.71039962768555,7945,52.755001068115234,49.90956448167986,62.108292055563965,33.91904799475713,52.798301696777344,-0.07891456413726874,51.19008579812841,3.698400988234279,52.5099983215332,-0.07611972618095371,41.82621215385745,-4.769329734825552,0.1485029960752147
2024-05-16 11:35:00-04:00,52.755001068115234,52.78900146484375,52.689998626708984,52.70000076293945,52.70000076293945,3423,52.65999984741211,49.44167536087467,89.21766828284267,62.2816032717086,52.798301696777344,-0.07891456413726874,51.19008579812841,3.698400988234279,52.5,-0.019040795758515635,40.186672112097455,-3.9198864954085626,0.14355298028116978
2024-05-16 11:40:00-04:00,52.65999984741211,52.65999984741211,52.599998474121094,52.65999984741211,52.65999984741211,3003,52.6349983215332,47.59336759654909,76.41414152950352,75.91336728930337,52.798301696777344,-0.07891456413726874,51.19008579812841,3.698400988234279,52.5,-0.019040795758515635,40.186672112097455,-3.9198864954085626,0.13919791113488872
2024-05-16 11:45:00-04:00,52.6349983215332,52.63999938964844,52.56999969482422,52.625,52.625,6038,52.625,45.97389605132094,62.40402641449501,76.01194540894706,52.798301696777344,-0.07891456413726874,51.19008579812841,3.698400988234279,52.5,-0.019040795758515635,40.186672112097455,-3.9198864954085626,0.1342781352801889
2024-05-16 11:50:00-04:00,52.625,52.665000915527344,52.529998779296875,52.619998931884766,52.619998931884766,10245,52.56999969482422,45.73442588276014,49.20703259565768,62.675066846552056,52.798301696777344,-0.07891456413726874,51.19008579812841,3.698400988234279,52.5,-0.019040795758515635,40.186672112097455,-3.9198864954085626,0.13435053537521688
2024-05-16 11:55:00-04:00,52.56999969482422,52.630001068115234,52.5099983215332,52.540000915527344,52.540000915527344,3592,52.5,41.9685563279199,29.183940008433424,46.9316663395287,52.798301696777344,-0.07891456413726874,49.90956448167986,-2.5015025790313627,52.5,-0.019040795758515635,40.186672112097455,-3.9198864954085626,0.13291575649589832
2024-05-16 12:00:00-04:00,52.5,52.58000183105469,52.5,52.5,52.5,10270,52.5099983215332,40.186672112097455,14.419096401211299,30.936689668434127,52.78900146484375,-0.017614642203844615,49.843443773130716,-0.13248103692311994,52.5,-0.019040795758515635,40.186672112097455,-3.9198864954085626,0.12762436395177723
2024-05-16 12:05:00-04:00,52.5099983215332,52.58000183105469,52.5,52.56999969482422,52.56999969482422,10340,52.58000183105469,44.61801037749077,13.930845787490393,19.177960732378363,52.665000915527344,-0.23489845588192787,49.843443773130716,-0.13248103692311994,52.5,-0.019040795758515635,40.186672112097455,-3.9198864954085626,0.12286211066206824
2024-05-16 12:10:00-04:00,52.58000183105469,52.63999938964844,52.58000183105469,52.6150016784668,52.6150016784668,3222,52.619998931884766,47.32011374996031,35.03391533222665,21.127952506976104,52.665000915527344,-0.23489845588192787,49.843443773130716,-0.13248103692311994,52.5,-0.019040795758515635,40.186672112097455,-3.9198864954085626,0.1175758690782833
2024-05-16 12:15:00-04:00,52.619998931884766,52.619998931884766,52.58000183105469,52.58000183105469,52.58000183105469,2284,52.619998931884766,45.46229254832193,51.01568422309967,33.32681511427223,52.665000915527344,-0.23489845588192787,49.843443773130716,-0.13248103692311994,52.5,-0.019040795758515635,40.186672112097455,-3.9198864954085626,0.10981799225346278
2024-05-16 12:20:00-04:00,52.619998931884766,52.63999938964844,52.58000183105469,52.619998931884766,52.619998931884766,10269,52.599998474121094,47.97596791360936,61.18815624537031,49.07925193356553,52.665000915527344,-0.23489845588192787,49.843443773130716,-0.13248103692311994,52.5,-0.019040795758515635,40.186672112097455,-3.9198864954085626,0.10483594888749151
2024-05-16 12:25:00-04:00,52.599998474121094,52.665000915527344,52.58000183105469,52.650001525878906,52.650001525878906,6722,52.63999938964844,49.843443773130716,68.83223863401368,60.34535970082788,52.665000915527344,-0.23489845588192787,49.843443773130716,-0.13248103692311994,52.5,-0.019040795758515635,40.186672112097455,-3.9198864954085626,0.10285226244600798
2024-05-16 12:30:00-04:00,52.63999938964844,52.65999984741211,52.599998474121094,52.63050079345703,52.63050079345703,4081,52.619998931884766,48.62176093563901,78.40341499033566,69.47460328990654,52.665000915527344,-0.23489845588192787,49.843443773130716,-0.13248103692311994,52.5,-0.019040795758515635,40.74082708401746,1.3789521321253875,0.09856717353050874
2024-05-16 12:35:00-04:00,52.619998931884766,52.630001068115234,52.599998474121094,52.599998474121094,52.599998474121094,3157,52.599998474121094,46.693893600152286,77.11574710415309,74.78380024283415,52.665000915527344,-0.23489845588192787,49.843443773130716,-0.13248103692311994,52.4900016784668,-0.019044421968005952,40.74082708401746,1.3789521321253875,0.09176068811105162
2024-05-16 12:40:00-04:00,52.599998474121094,52.625,52.599998474121094,52.599998474121094,52.599998474121094,2754,52.599998474121094,46.693893600152286,70.32356822507535,75.28091010652135,52.665000915527344,-0.23489845588192787,49.843443773130716,-0.13248103692311994,52.4900016784668,-0.019044421968005952,40.74082708401746,1.3789521321253875,0.08508477188783709
2024-05-16 12:45:00-04:00,52.599998474121094,52.63999938964844,52.599998474121094,52.599998474121094,52.599998474121094,7849,52.599998474121094,46.693893600152286,67.23231002495217,71.55720845139354,52.665000915527344,-0.23489845588192787,49.843443773130716,-0.13248103692311994,52.4900016784668,-0.019044421968005952,40.74082708401746,1.3789521321253875,0.08057638625178776
2024-05-16 12:50:00-04:00,52.599998474121094,52.619998931884766,52.5099983215332,52.5099983215332,52.5099983215332,16984,52.52000045776367,40.74082708401746,46.8362113285447,61.46402985952406,52.68000030517578,0.028480754557463978,49.843443773130716,-0.13248103692311994,52.4900016784668,-0.019044421968005952,40.74082708401746,1.3789521321253875,0.08351880866176523
2024-05-16 12:55:00-04:00,52.52000045776367,52.54499816894531,52.52000045776367,52.54249954223633,52.54249954223633,1198,52.5099983215332,43.54020205811025,35.9502698264182,50.006263726638345,52.68000030517578,0.028480754557463978,49.64671538102803,-0.3946926159398638,52.4900016784668,-0.019044421968005952,40.74082708401746,1.3789521321253875,0.07866691253679964
2024-05-16 13:00:00-04:00,52.5099983215332,52.619998931884766,52.4900016784668,52.599998474121094,52.599998474121094,7840,52.599998474121094,48.202096739678645,41.15629931006789,41.31426015501025,52.68000030517578,0.028480754557463978,49.64671538102803,-0.3946926159398638,52.4900016784668,-0.019044421968005952,40.74082708401746,1.3789521321253875,0.08379994662491655
2024-05-16 13:05:00-04:00,52.599998474121094,52.654998779296875,52.560001373291016,52.560001373291016,52.560001373291016,6952,52.595001220703125,45.39422562373563,57.21894323517809,44.77517079055472,52.68000030517578,0.028480754557463978,49.64671538102803,-0.3946926159398638,52.470001220703125,-0.03810336659195945,40.74082708401746,1.3789521321253875,0.08491969256301082
2024-05-16 13:10:00-04:00,52.595001220703125,52.595001220703125,52.560001373291016,52.560001373291016,52.560001373291016,2547,52.58000183105469,45.39422562373563,62.68371361603112,53.686318720425696,52.68000030517578,0.028480754557463978,49.64671538102803,-0.3946926159398638,52.400001525878906,-0.13340898264854417,37.359795899721185,-8.298877136990297,0.07992770804792068
2024-05-16 13:15:00-04:00,52.58000183105469,52.68000030517578,52.54999923706055,52.61000061035156,52.61000061035156,7485,52.61000061035156,49.64671538102803,67.62892075029643,62.51052586716853,52.68000030517578,0.028480754557463978,49.64671538102803,-0.3946926159398638,52.400001525878906,-0.13340898264854417,37.04525718826455,-0.8419176386854461,0.08493504405465205
2024-05-16 13:20:00-04:00,52.61000061035156,52.61000061035156,52.529998779296875,52.529998779296875,52.529998779296875,9504,52.5,43.77276922229947,60.75626215208308,63.689632172803535,52.61000061035156,-0.13287717239694344,43.77276922229947,-11.83148998608924,52.400001525878906,-0.13340898264854417,37.04525718826455,-0.8419176386854461,0.08444172275465558
2024-05-16 13:25:00-04:00,52.5,52.56999969482422,52.4900016784668,52.51499938964844,52.51499938964844,8170,52.5,42.751479565466695,51.07865643888319,59.82127978042089,52.56999969482422,-0.07603291211419061,42.751479565466695,-2.333162089074536,52.400001525878906,-0.13340898264854417,37.04525718826455,-0.8419176386854461,0.08399735211493221
2024-05-16 13:30:00-04:00,52.5,52.54999923706055,52.470001220703125,52.51499938964844,52.51499938964844,5769,52.52000045776367,42.75147956546669,25.828642986494803,45.88785385915369,52.54999923706055,-0.03804538306976825,42.75147956546669,-1.6620307483674887e-14,52.400001525878906,-0.13340898264854417,37.04525718826455,-0.8419176386854461,0.08359741853918118
2024-05-16 13:35:00-04:00,52.52000045776367,52.52000045776367,52.400001525878906,52.435001373291016,52.435001373291016,9439,52.435001373291016,37.359795899721185,14.725820425196872,30.544373283524948,52.52000045776367,-0.057086165047398434,37.359795899721185,-12.611689046899649,52.400001525878906,-0.13340898264854417,37.04525718826455,-0.8419176386854461,0.08723756987373962
2024-05-16 13:40:00-04:00,52.435001373291016,52.44929885864258,52.40850067138672,52.43000030517578,52.43000030517578,2447,52.43000030517578,37.04525718826455,7.362910212598414,15.972457874763352,52.44929885864258,-0.13461842822707443,37.04525718826455,-0.8419176386854461,52.40850067138672,0.01621974286320394,37.04525718826455,-0.8419176386854461,0.0825936316119516
